ODOMETRY 0 1 0.046140 -0.000276 0.002503 10.000000 0.000000 0.000000 10.000000 0.000000 10.000000
ODOMETRY 1 2 -0.054583 -0.063166 0.003887 10.000000 0.000000 0.000000 10.000000 0.000000 10.000000
ODOMETRY 2 3 -0.062536 -0.073106 0.006092 10.000000 0.000000 0.000000 10.000000 0.000000 10.000000
ODOMETRY 3 4 -0.065647 -0.049975 -0.016671 10.000000 0.000000 0.000000 10.000000 0.000000 10.000000
ODOMETRY 4 5 -0.054100 -0.070556 0.006601 10.000000 0.000000 0.000000 10.000000 0.000000 10.000000
ODOMETRY 5 6 -0.055757 -0.111188 -0.028833 10.000000 0.000000 0.000000 10.000000 0.000000 10.000000
ODOMETRY 6 7 -0.045511 -0.082043 -0.011313 10.000000 0.000000 0.000000 10.000000 0.000000 10.000000
ODOMETRY 7 8 -0.109422 -0.046165 -0.002799 10.000000 0.000000 0.000000 10.000000 0.000000 10.000000
ODOMETRY 8 9 -0.074485 -0.061479 -0.003109 10.000000 0.000000 0.000000 10.000000 0.000000 10.000000
ODOMETRY 9 10 -0.096845 -0.083307 0.002676 10.000000 0.000000 0.000000 10.000000 0.000000 10.000000
ODOMETRY 10 11 -0.094729 -0.068567 0.000374 10.000000 0.000000 0.000000 10.000000 0.000000 10.000000
ODOMETRY 11 12 -0.072047 -0.047863 0.000152 10.000000 0.000000 0.000000 10.000000 0.000000 10.000000
ODOMETRY 12 13 -0.050030 -0.061881 -0.010933 10.000000 0.000000 0.000000 10.000000 0.000000 10.000000
ODOMETRY 13 14 0.002095 0.014489 0.421110 10.000000 0.000000 0.000000 10.000000 0.000000 10.000000
ODOMETRY 14 15 -0.123306 0.006322 -0.004125 10.000000 0.000000 0.000000 10.000000 0.000000 10.000000
ODOMETRY 15 16 -0.119542 0.016940 -0.005349 10.000000 0.000000 0.000000 10.000000 0.000000 10.000000
ODOMETRY 16 17 -0.126310 0.036638 -0.000385 10.000000 0.000000 0.000000 10.000000 0.000000 10.000000
ODOMETRY 17 18 -0.088524 0.017028 0.002118 10.000000 0.000000 0.000000 10.000000 0.000000 10.000000
ODOMETRY 18 19 -0.128997 -0.004769 -0.007152 10.000000 0.000000 0.000000 10.000000 0.000000 10.000000
ODOMETRY 19 20 -0.067602 0.017069 0.002761 10.000000 0.000000 0.000000 10.000000 0.000000 10.000000
ODOMETRY 20 21 -0.098769 0.006247 0.005610 10.000000 0.000000 0.000000 10.000000 0.000000 10.000000
ODOMETRY 21 22 -0.106180 0.041679 -0.007396 10.000000 0.000000 0.000000 10.000000 0.000000 10.000000
ODOMETRY 22 23 -0.070001 0.027485 0.013415 10.000000 0.000000 0.000000 10.000000 0.000000 10.000000
ODOMETRY 23 24 -0.072225 0.054515 0.003526 10.000000 0.000000 0.000000 10.000000 0.000000 10.000000
ODOMETRY 24 25 -0.081532 -0.008295 0.005935 10.000000 0.000000 0.000000 10.000000 0.000000 10.000000
ODOMETRY 25 26 -0.108327 0.027371 0.001437 10.000000 0.000000 0.000000 10.000000 0.000000 10.000000
ODOMETRY 26 27 -0.098302 0.003753 -0.006777 10.000000 0.000000 0.000000 10.000000 0.000000 10.000000
ODOMETRY 27 28 -0.094909 -0.020804 -0.007874 10.000000 0.000000 0.000000 10.000000 0.000000 10.000000
ODOMETRY 28 29 -0.009318 0.010494 -0.083396 10.000000 0.000000 0.000000 10.000000 0.000000 10.000000
ODOMETRY 29 30 -0.097873 -0.016032 0.012774 10.000000 0.000000 0.000000 10.000000 0.000000 10.000000
ODOMETRY 30 31 -0.115305 0.041909 0.003777 10.000000 0.000000 0.000000 10.000000 0.000000 10.000000
ODOMETRY 31 32 -0.077839 0.018593 0.001333 10.000000 0.000000 0.000000 10.000000 0.000000 10.000000
ODOMETRY 32 33 -0.097110 0.002565 -0.006659 10.000000 0.000000 0.000000 10.000000 0.000000 10.000000
ODOMETRY 33 34 -0.102762 0.008358 0.000021 10.000000 0.000000 0.000000 10.000000 0.000000 10.000000
ODOMETRY 34 35 -0.089268 -0.034707 0.005432 10.000000 0.000000 0.000000 10.000000 0.000000 10.000000
ODOMETRY 35 36 -0.078245 -0.015003 -0.008136 10.000000 0.000000 0.000000 10.000000 0.000000 10.000000
ODOMETRY 36 37 -0.109857 0.010872 0.006506 10.000000 0.000000 0.000000 10.000000 0.000000 10.000000
ODOMETRY 37 38 -0.114241 -0.014603 0.010436 10.000000 0.000000 0.000000 10.000000 0.000000 10.000000
ODOMETRY 38 39 -0.063138 0.022248 -0.009817 10.000000 0.000000 0.000000 10.000000 0.000000 10.000000
ODOMETRY 39 40 -0.081410 0.012993 0.001580 10.000000 0.000000 0.000000 10.000000 0.000000 10.000000
ODOMETRY 40 41 -0.047407 0.032682 0.013986 10.000000 0.000000 0.000000 10.000000 0.000000 10.000000
ODOMETRY 41 42 -0.132209 0.017297 -0.003484 10.000000 0.000000 0.000000 10.000000 0.000000 10.000000
ODOMETRY 42 43 -0.130833 0.018231 -0.008798 10.000000 0.000000 0.000000 10.000000 0.000000 10.000000
ODOMETRY 43 44 -0.080432 0.005047 0.005965 10.000000 0.000000 0.000000 10.000000 0.000000 10.000000
ODOMETRY 44 45 -0.063581 0.023755 0.002469 10.000000 0.000000 0.000000 10.000000 0.000000 10.000000
ODOMETRY 45 46 -0.109382 0.004518 -0.006972 10.000000 0.000000 0.000000 10.000000 0.000000 10.000000
ODOMETRY 46 47 -0.124353 -0.022546 0.001294 10.000000 0.000000 0.000000 10.000000 0.000000 10.000000
ODOMETRY 47 48 -0.093423 -0.004348 0.015726 10.000000 0.000000 0.000000 10.000000 0.000000 10.000000
ODOMETRY 48 49 -0.015422 0.021344 0.132986 10.000000 0.000000 0.000000 10.000000 0.000000 10.000000
ODOMETRY 49 50 -0.128480 0.056803 -0.001504 10.000000 0.000000 0.000000 10.000000 0.000000 10.000000
ODOMETRY 50 51 -0.123037 0.038124 -0.000368 10.000000 0.000000 0.000000 10.000000 0.000000 10.000000
ODOMETRY 51 52 -0.070953 0.015840 0.002707 10.000000 0.000000 0.000000 10.000000 0.000000 10.000000
ODOMETRY 52 53 -0.097095 0.031541 0.014547 10.000000 0.000000 0.000000 10.000000 0.000000 10.000000
ODOMETRY 53 54 -0.121453 0.033162 0.005444 10.000000 0.000000 0.000000 10.000000 0.000000 10.000000
ODOMETRY 54 55 -0.114800 0.047772 -0.025233 10.000000 0.000000 0.000000 10.000000 0.000000 10.000000
ODOMETRY 55 56 -0.105211 0.028675 0.006986 10.000000 0.000000 0.000000 10.000000 0.000000 10.000000
ODOMETRY 56 57 -0.084856 0.051734 0.207682 10.000000 0.000000 0.000000 10.000000 0.000000 10.000000
ODOMETRY 57 58 -0.074560 0.040733 -0.008646 10.000000 0.000000 0.000000 10.000000 0.000000 10.000000
ODOMETRY 58 59 -0.084773 0.067035 0.013001 10.000000 0.000000 0.000000 10.000000 0.000000 10.000000
ODOMETRY 59 60 -0.069520 0.105285 -0.007042 10.000000 0.000000 0.000000 10.000000 0.000000 10.000000
ODOMETRY 60 61 -0.086696 0.079942 0.003501 10.000000 0.000000 0.000000 10.000000 0.000000 10.000000
ODOMETRY 61 62 -0.035807 0.102827 0.011089 10.000000 0.000000 0.000000 10.000000 0.000000 10.000000
ODOMETRY 62 63 -0.067407 0.092931 -0.007790 10.000000 0.000000 0.000000 10.000000 0.000000 10.000000
ODOMETRY 63 64 -0.033685 0.125848 -0.006638 10.000000 0.000000 0.000000 10.000000 0.000000 10.000000
ODOMETRY 64 65 -0.083298 0.081977 -0.007965 10.000000 0.000000 0.000000 10.000000 0.000000 10.000000
ODOMETRY 65 66 -0.079474 0.083530 -0.005819 10.000000 0.000000 0.000000 10.000000 0.000000 10.000000
ODOMETRY 66 67 -0.039237 -0.008640 0.758690 10.000000 0.000000 0.000000 10.000000 0.000000 10.000000
ODOMETRY 67 68 0.058227 0.053988 0.008451 10.000000 0.000000 0.000000 10.000000 0.000000 10.000000
ODOMETRY 68 69 0.049970 0.064729 -0.019835 10.000000 0.000000 0.000000 10.000000 0.000000 10.000000
ODOMETRY 69 70 0.084856 0.051277 0.013272 10.000000 0.000000 0.000000 10.000000 0.000000 10.000000
ODOMETRY 70 71 0.104610 0.081858 0.015200 10.000000 0.000000 0.000000 10.000000 0.000000 10.000000
ODOMETRY 71 72 0.042188 0.099238 -0.001231 10.000000 0.000000 0.000000 10.000000 0.000000 10.000000
ODOMETRY 72 73 0.070066 0.060988 -0.012606 10.000000 0.000000 0.000000 10.000000 0.000000 10.000000
ODOMETRY 73 74 0.037719 0.033205 0.074724 10.000000 0.000000 0.000000 10.000000 0.000000 10.000000
ODOMETRY 74 75 0.085855 0.069356 -0.000902 10.000000 0.000000 0.000000 10.000000 0.000000 10.000000
ODOMETRY 75 76 0.074130 0.053297 0.009843 10.000000 0.000000 0.000000 10.000000 0.000000 10.000000
ODOMETRY 76 77 0.091965 0.088813 -0.004338 10.000000 0.000000 0.000000 10.000000 0.000000 10.000000
ODOMETRY 77 78 0.072676 0.043426 -0.005121 10.000000 0.000000 0.000000 10.000000 0.000000 10.000000
ODOMETRY 78 79 0.085292 0.054078 -0.007210 10.000000 0.000000 0.000000 10.000000 0.000000 10.000000
ODOMETRY 79 80 0.088592 0.068137 -0.013200 10.000000 0.000000 0.000000 10.000000 0.000000 10.000000
ODOMETRY 80 81 0.070993 0.032692 0.009795 10.000000 0.000000 0.000000 10.000000 0.000000 10.000000
ODOMETRY 81 82 0.023722 0.034123 0.387290 10.000000 0.000000 0.000000 10.000000 0.000000 10.000000
ODOMETRY 82 83 0.084201 -0.011191 -0.001092 10.000000 0.000000 0.000000 10.000000 0.000000 10.000000
ODOMETRY 83 84 0.112462 -0.024774 -0.009210 10.000000 0.000000 0.000000 10.000000 0.000000 10.000000
ODOMETRY 84 85 0.066616 -0.006915 0.012293 10.000000 0.000000 0.000000 10.000000 0.000000 10.000000
ODOMETRY 85 86 0.082590 -0.045837 -0.008261 10.000000 0.000000 0.000000 10.000000 0.000000 10.000000
ODOMETRY 86 87 0.087242 0.005458 0.018178 10.000000 0.000000 0.000000 10.000000 0.000000 10.000000
ODOMETRY 87 88 0.092695 -0.005191 0.004455 10.000000 0.000000 0.000000 10.000000 0.000000 10.000000
ODOMETRY 88 89 0.099231 0.020180 0.004733 10.000000 0.000000 0.000000 10.000000 0.000000 10.000000
ODOMETRY 89 90 0.108847 0.002210 -0.011763 10.000000 0.000000 0.000000 10.000000 0.000000 10.000000
ODOMETRY 90 91 0.085489 -0.012176 0.012014 10.000000 0.000000 0.000000 10.000000 0.000000 10.000000
ODOMETRY 91 92 0.113771 -0.013389 -0.005824 10.000000 0.000000 0.000000 10.000000 0.000000 10.000000
ODOMETRY 92 93 0.096290 -0.008954 -0.012001 10.000000 0.000000 0.000000 10.000000 0.000000 10.000000
ODOMETRY 93 94 0.087287 -0.028669 0.005895 10.000000 0.000000 0.000000 10.000000 0.000000 10.000000
ODOMETRY 94 95 0.109058 -0.005211 -0.012177 10.000000 0.000000 0.000000 10.000000 0.000000 10.000000
ODOMETRY 95 96 0.070362 -0.006170 -0.018543 10.000000 0.000000 0.000000 10.000000 0.000000 10.000000
ODOMETRY 96 97 0.104053 -0.034931 0.000926 10.000000 0.000000 0.000000 10.000000 0.000000 10.000000
ODOMETRY 97 98 0.118229 0.001782 0.001827 10.000000 0.000000 0.000000 10.000000 0.000000 10.000000
ODOMETRY 98 99 0.054232 0.009221 -0.006711 10.000000 0.000000 0.000000 10.000000 0.000000 10.000000
ODOMETRY 99 100 0.070007 -0.022516 0.003277 10.000000 0.000000 0.000000 10.000000 0.000000 10.000000
ODOMETRY 100 101 0.086455 0.020185 0.006015 10.000000 0.000000 0.000000 10.000000 0.000000 10.000000
ODOMETRY 101 102 0.070423 0.014966 -0.012647 10.000000 0.000000 0.000000 10.000000 0.000000 10.000000
ODOMETRY 102 103 0.092161 0.020733 0.005422 10.000000 0.000000 0.000000 10.000000 0.000000 10.000000
ODOMETRY 103 104 0.104681 -0.006724 0.012775 10.000000 0.000000 0.000000 10.000000 0.000000 10.000000
ODOMETRY 104 105 0.112574 -0.029526 -0.014089 10.000000 0.000000 0.000000 10.000000 0.000000 10.000000
ODOMETRY 105 106 0.118283 -0.005243 0.003344 10.000000 0.000000 0.000000 10.000000 0.000000 10.000000
ODOMETRY 106 107 0.115462 0.001089 -0.001060 10.000000 0.000000 0.000000 10.000000 0.000000 10.000000
ODOMETRY 107 108 0.105227 0.004288 -0.016847 10.000000 0.000000 0.000000 10.000000 0.000000 10.000000
ODOMETRY 108 109 0.075746 -0.001785 0.013122 10.000000 0.000000 0.000000 10.000000 0.000000 10.000000
ODOMETRY 109 110 0.079350 0.002914 0.005440 10.000000 0.000000 0.000000 10.000000 0.000000 10.000000
ODOMETRY 110 111 0.120556 0.007819 0.009472 10.000000 0.000000 0.000000 10.000000 0.000000 10.000000
ODOMETRY 111 112 0.097615 -0.019413 -0.011126 10.000000 0.000000 0.000000 10.000000 0.000000 10.000000
ODOMETRY 112 113 0.031657 0.001038 0.026681 10.000000 0.000000 0.000000 10.000000 0.000000 10.000000
ODOMETRY 113 114 0.133462 -0.000909 0.000254 10.000000 0.000000 0.000000 10.000000 0.000000 10.000000
ODOMETRY 114 115 0.100457 0.008140 -0.004313 10.000000 0.000000 0.000000 10.000000 0.000000 10.000000
ODOMETRY 115 116 0.095954 0.006484 -0.004288 10.000000 0.000000 0.000000 10.000000 0.000000 10.000000
ODOMETRY 116 117 0.096632 0.013420 0.004634 10.000000 0.000000 0.000000 10.000000 0.000000 10.000000
ODOMETRY 117 118 0.094617 -0.017043 0.006732 10.000000 0.000000 0.000000 10.000000 0.000000 10.000000
ODOMETRY 118 119 0.138378 -0.019567 -0.000036 10.000000 0.000000 0.000000 10.000000 0.000000 10.000000
ODOMETRY 119 120 0.099128 0.001511 0.010934 10.000000 0.000000 0.000000 10.000000 0.000000 10.000000
ODOMETRY 120 121 0.096892 -0.004185 0.003780 10.000000 0.000000 0.000000 10.000000 0.000000 10.000000
ODOMETRY 121 122 0.098318 -0.051626 -0.002504 10.000000 0.000000 0.000000 10.000000 0.000000 10.000000
ODOMETRY 122 123 0.017067 -0.009070 0.200281 10.000000 0.000000 0.000000 10.000000 0.000000 10.000000
ODOMETRY 123 124 0.077885 -0.026585 -0.008897 10.000000 0.000000 0.000000 10.000000 0.000000 10.000000
ODOMETRY 124 125 0.061710 -0.045352 -0.005021 10.000000 0.000000 0.000000 10.000000 0.000000 10.000000
ODOMETRY 125 126 0.080533 -0.022133 0.003685 10.000000 0.000000 0.000000 10.000000 0.000000 10.000000
ODOMETRY 126 127 0.106255 -0.031017 0.023720 10.000000 0.000000 0.000000 10.000000 0.000000 10.000000
ODOMETRY 127 128 0.096046 -0.056152 0.003442 10.000000 0.000000 0.000000 10.000000 0.000000 10.000000
ODOMETRY 128 129 0.098499 -0.026938 0.020494 10.000000 0.000000 0.000000 10.000000 0.000000 10.000000
ODOMETRY 129 130 0.110577 -0.042418 0.011183 10.000000 0.000000 0.000000 10.000000 0.000000 10.000000
ODOMETRY 130 131 0.117979 -0.012114 0.002751 10.000000 0.000000 0.000000 10.000000 0.000000 10.000000
ODOMETRY 131 132 0.111363 -0.052788 -0.015243 10.000000 0.000000 0.000000 10.000000 0.000000 10.000000
ODOMETRY 132 133 0.101157 -0.062171 -0.001733 10.000000 0.000000 0.000000 10.000000 0.000000 10.000000
ODOMETRY 133 134 0.103420 -0.034107 0.002804 10.000000 0.000000 0.000000 10.000000 0.000000 10.000000
ODOMETRY 134 135 0.037634 -0.042905 0.216858 10.000000 0.000000 0.000000 10.000000 0.000000 10.000000
ODOMETRY 135 136 0.058296 -0.107612 0.004846 10.000000 0.000000 0.000000 10.000000 0.000000 10.000000
ODOMETRY 136 137 0.041947 -0.097073 0.012372 10.000000 0.000000 0.000000 10.000000 0.000000 10.000000
ODOMETRY 137 138 0.056655 -0.065984 -0.000400 10.000000 0.000000 0.000000 10.000000 0.000000 10.000000
ODOMETRY 138 139 0.031216 -0.074100 0.003175 10.000000 0.000000 0.000000 10.000000 0.000000 10.000000
ODOMETRY 139 140 0.038049 -0.072404 -0.003360 10.000000 0.000000 0.000000 10.000000 0.000000 10.000000
ODOMETRY 140 141 0.071391 -0.061530 0.003485 10.000000 0.000000 0.000000 10.000000 0.000000 10.000000
ODOMETRY 141 142 0.065877 -0.067384 0.012501 10.000000 0.000000 0.000000 10.000000 0.000000 10.000000
ODOMETRY 142 143 0.012261 -0.031200 0.904156 10.000000 0.000000 0.000000 10.000000 0.000000 10.000000
ODOMETRY 143 144 -0.073332 -0.070289 0.012388 10.000000 0.000000 0.000000 10.000000 0.000000 10.000000
ODOMETRY 144 145 -0.080872 -0.052912 -0.000275 10.000000 0.000000 0.000000 10.000000 0.000000 10.000000
ODOMETRY 145 146 -0.110216 -0.022445 0.012940 10.000000 0.000000 0.000000 10.000000 0.000000 10.000000
ODOMETRY 146 147 -0.105529 -0.054550 0.001883 10.000000 0.000000 0.000000 10.000000 0.000000 10.000000
ODOMETRY 147 148 -0.051864 -0.044329 -0.016547 10.000000 0.000000 0.000000 10.000000 0.000000 10.000000
ODOMETRY 148 149 -0.090782 -0.033296 -0.010533 10.000000 0.000000 0.000000 10.000000 0.000000 10.000000
ODOMETRY 149 150 -0.054933 -0.057750 -0.014599 10.000000 0.000000 0.000000 10.000000 0.000000 10.000000
ODOMETRY 150 151 -0.056130 -0.034248 -0.015754 10.000000 0.000000 0.000000 10.000000 0.000000 10.000000
ODOMETRY 151 152 -0.057215 -0.029650 0.012454 10.000000 0.000000 0.000000 10.000000 0.000000 10.000000
ODOMETRY 152 153 -0.088617 -0.008030 0.729214 10.000000 0.000000 0.000000 10.000000 0.000000 10.000000
ODOMETRY 153 154 -0.045129 0.089537 -0.010719 10.000000 0.000000 0.000000 10.000000 0.000000 10.000000
ODOMETRY 154 155 -0.078594 0.087505 0.022058 10.000000 0.000000 0.000000 10.000000 0.000000 10.000000
ODOMETRY 155 156 -0.065469 0.088000 -0.005512 10.000000 0.000000 0.000000 10.000000 0.000000 10.000000
ODOMETRY 156 157 -0.060191 0.104919 -0.008403 10.000000 0.000000 0.000000 10.000000 0.000000 10.000000
ODOMETRY 157 158 -0.093582 0.093369 0.005218 10.000000 0.000000 0.000000 10.000000 0.000000 10.000000
ODOMETRY 158 159 -0.053639 0.073137 0.004794 10.000000 0.000000 0.000000 10.000000 0.000000 10.000000
ODOMETRY 159 160 -0.085081 0.090855 0.012974 10.000000 0.000000 0.000000 10.000000 0.000000 10.000000
ODOMETRY 160 161 -0.029694 0.108564 0.667681 10.000000 0.000000 0.000000 10.000000 0.000000 10.000000
ODOMETRY 161 162 0.072680 0.050331 0.008340 10.000000 0.000000 0.000000 10.000000 0.000000 10.000000
ODOMETRY 162 163 0.063711 0.091916 -0.009447 10.000000 0.000000 0.000000 10.000000 0.000000 10.000000
ODOMETRY 163 164 0.059071 0.057100 0.007949 10.000000 0.000000 0.000000 10.000000 0.000000 10.000000
ODOMETRY 164 165 0.080853 0.105703 0.000818 10.000000 0.000000 0.000000 10.000000 0.000000 10.000000
ODOMETRY 165 166 0.055752 0.088730 -0.014865 10.000000 0.000000 0.000000 10.000000 0.000000 10.000000
ODOMETRY 166 167 0.012992 0.044633 0.084875 10.000000 0.000000 0.000000 10.000000 0.000000 10.000000
ODOMETRY 167 168 0.091303 0.063132 -0.000109 10.000000 0.000000 0.000000 10.000000 0.000000 10.000000
ODOMETRY 168 169 0.074231 0.071786 -0.005313 10.000000 0.000000 0.000000 10.000000 0.000000 10.000000
ODOMETRY 169 170 0.107602 0.093786 0.015259 10.000000 0.000000 0.000000 10.000000 0.000000 10.000000
ODOMETRY 170 171 0.095203 0.074262 -0.010196 10.000000 0.000000 0.000000 10.000000 0.000000 10.000000
ODOMETRY 171 172 0.094887 0.029401 -0.016740 10.000000 0.000000 0.000000 10.000000 0.000000 10.000000
ODOMETRY 172 173 0.055833 0.073201 -0.009355 10.000000 0.000000 0.000000 10.000000 0.000000 10.000000
ODOMETRY 173 174 0.070273 0.061495 0.226216 10.000000 0.000000 0.000000 10.000000 0.000000 10.000000
ODOMETRY 174 175 0.094628 0.069958 -0.005027 10.000000 0.000000 0.000000 10.000000 0.000000 10.000000
ODOMETRY 175 176 0.067621 0.035925 -0.022836 10.000000 0.000000 0.000000 10.000000 0.000000 10.000000
ODOMETRY 176 177 0.105011 0.027974 -0.014717 10.000000 0.000000 0.000000 10.000000 0.000000 10.000000
ODOMETRY 177 178 0.104870 0.059307 0.008568 10.000000 0.000000 0.000000 10.000000 0.000000 10.000000
ODOMETRY 178 179 0.087939 -0.000789 -0.008406 10.000000 0.000000 0.000000 10.000000 0.000000 10.000000
ODOMETRY 179 180 0.110588 0.013959 -0.010335 10.000000 0.000000 0.000000 10.000000 0.000000 10.000000
ODOMETRY 180 181 0.107436 0.033310 0.000661 10.000000 0.000000 0.000000 10.000000 0.000000 10.000000
ODOMETRY 181 182 0.117409 0.032461 -0.021732 10.000000 0.000000 0.000000 10.000000 0.000000 10.000000
ODOMETRY 182 183 0.095846 0.070782 -0.378127 10.000000 0.000000 0.000000 10.000000 0.000000 10.000000
ODOMETRY 183 184 0.033307 0.111504 -0.009132 10.000000 0.000000 0.000000 10.000000 0.000000 10.000000
ODOMETRY 184 185 0.036112 0.103500 -0.004995 10.000000 0.000000 0.000000 10.000000 0.000000 10.000000
ODOMETRY 185 186 0.058421 0.079776 -0.019818 10.000000 0.000000 0.000000 10.000000 0.000000 10.000000
ODOMETRY 186 187 0.045046 0.065193 -0.007787 10.000000 0.000000 0.000000 10.000000 0.000000 10.000000
ODOMETRY 187 188 0.039649 0.079747 -0.004616 10.000000 0.000000 0.000000 10.000000 0.000000 10.000000
ODOMETRY 188 189 -0.006884 0.141833 -0.696667 10.000000 0.000000 0.000000 10.000000 0.000000 10.000000
ODOMETRY 189 190 -0.101546 0.102305 -0.017011 10.000000 0.000000 0.000000 10.000000 0.000000 10.000000
ODOMETRY 190 191 -0.045921 0.070037 0.011843 10.000000 0.000000 0.000000 10.000000 0.000000 10.000000
ODOMETRY 191 192 -0.108478 0.071512 0.002461 10.000000 0.000000 0.000000 10.000000 0.000000 10.000000
ODOMETRY 192 193 -0.095387 0.067511 -0.008855 10.000000 0.000000 0.000000 10.000000 0.000000 10.000000
ODOMETRY 193 194 -0.106383 0.036079 -0.006317 10.000000 0.000000 0.000000 10.000000 0.000000 10.000000
ODOMETRY 194 195 -0.103609 0.041827 -0.000383 10.000000 0.000000 0.000000 10.000000 0.000000 10.000000
ODOMETRY 195 196 -0.080527 0.084919 -0.018880 10.000000 0.000000 0.000000 10.000000 0.000000 10.000000
ODOMETRY 196 197 -0.037721 0.055598 0.014811 10.000000 0.000000 0.000000 10.000000 0.000000 10.000000
ODOMETRY 197 198 -0.049662 0.077145 -0.010353 10.000000 0.000000 0.000000 10.000000 0.000000 10.000000
ODOMETRY 198 199 -0.047997 0.006257 -0.387080 10.000000 0.000000 0.000000 10.000000 0.000000 10.000000
ODOMETRY 199 200 -0.108241 -0.041502 0.005588 10.000000 0.000000 0.000000 10.000000 0.000000 10.000000
ODOMETRY 200 201 -0.112067 -0.017219 0.012698 10.000000 0.000000 0.000000 10.000000 0.000000 10.000000
ODOMETRY 201 202 -0.097224 -0.010820 -0.020669 10.000000 0.000000 0.000000 10.000000 0.000000 10.000000
ODOMETRY 202 203 -0.123432 -0.007705 0.006885 10.000000 0.000000 0.000000 10.000000 0.000000 10.000000
ODOMETRY 203 204 -0.104411 -0.007360 0.009342 10.000000 0.000000 0.000000 10.000000 0.000000 10.000000
ODOMETRY 204 205 -0.089724 -0.034414 -0.001175 10.000000 0.000000 0.000000 10.000000 0.000000 10.000000
ODOMETRY 205 206 -0.119167 0.021236 0.002711 10.000000 0.000000 0.000000 10.000000 0.000000 10.000000
ODOMETRY 206 207 0.004305 -0.005330 -0.815282 10.000000 0.000000 0.000000 10.000000 0.000000 10.000000
ODOMETRY 207 208 0.014459 -0.102419 -0.009855 10.000000 0.000000 0.000000 10.000000 0.000000 10.000000
ODOMETRY 208 209 0.030764 -0.113376 0.007089 10.000000 0.000000 0.000000 10.000000 0.000000 10.000000
ODOMETRY 209 210 -0.001723 -0.094773 0.020262 10.000000 0.000000 0.000000 10.000000 0.000000 10.000000
ODOMETRY 210 211 0.016847 -0.093644 0.003737 10.000000 0.000000 0.000000 10.000000 0.000000 10.000000
ODOMETRY 211 212 0.001154 -0.116260 -0.003993 10.000000 0.000000 0.000000 10.000000 0.000000 10.000000
ODOMETRY 212 213 0.026215 -0.080391 0.009820 10.000000 0.000000 0.000000 10.000000 0.000000 10.000000
ODOMETRY 213 214 0.026141 -0.079472 0.014104 10.000000 0.000000 0.000000 10.000000 0.000000 10.000000
ODOMETRY 214 215 -0.005767 -0.107009 -0.000589 10.000000 0.000000 0.000000 10.000000 0.000000 10.000000
ODOMETRY 215 216 0.005553 0.027047 -0.439503 10.000000 0.000000 0.000000 10.000000 0.000000 10.000000
ODOMETRY 216 217 0.090900 -0.038315 -0.005717 10.000000 0.000000 0.000000 10.000000 0.000000 10.000000
ODOMETRY 217 218 0.097154 -0.076397 -0.002037 10.000000 0.000000 0.000000 10.000000 0.000000 10.000000
ODOMETRY 218 219 0.062444 -0.072822 -0.007137 10.000000 0.000000 0.000000 10.000000 0.000000 10.000000
ODOMETRY 219 220 0.085889 -0.071636 -0.002826 10.000000 0.000000 0.000000 10.000000 0.000000 10.000000
ODOMETRY 220 221 0.090649 -0.044481 0.018519 10.000000 0.000000 0.000000 10.000000 0.000000 10.000000
ODOMETRY 221 222 0.078178 -0.040153 0.001896 10.000000 0.000000 0.000000 10.000000 0.000000 10.000000
ODOMETRY 222 223 0.079959 -0.041684 0.006985 10.000000 0.000000 0.000000 10.000000 0.000000 10.000000
ODOMETRY 223 224 -0.029889 0.005358 0.382244 10.000000 0.000000 0.000000 10.000000 0.000000 10.000000
ODOMETRY 224 225 0.043813 -0.120239 0.003735 10.000000 0.000000 0.000000 10.000000 0.000000 10.000000
ODOMETRY 225 226 0.022042 -0.101377 0.011726 10.000000 0.000000 0.000000 10.000000 0.000000 10.000000
ODOMETRY 226 227 0.009225 -0.090202 0.007499 10.000000 0.000000 0.000000 10.000000 0.000000 10.000000
ODOMETRY 227 228 0.002346 -0.097327 0.004603 10.000000 0.000000 0.000000 10.000000 0.000000 10.000000
ODOMETRY 228 229 -0.024720 -0.081212 0.002561 10.000000 0.000000 0.000000 10.000000 0.000000 10.000000
ODOMETRY 229 230 0.051639 -0.124375 0.023799 10.000000 0.000000 0.000000 10.000000 0.000000 10.000000
ODOMETRY 230 231 0.039489 -0.075292 0.438647 10.000000 0.000000 0.000000 10.000000 0.000000 10.000000
ODOMETRY 231 232 -0.051623 -0.077670 -0.001259 10.000000 0.000000 0.000000 10.000000 0.000000 10.000000
ODOMETRY 232 233 -0.046428 -0.097298 -0.012706 10.000000 0.000000 0.000000 10.000000 0.000000 10.000000
ODOMETRY 233 234 -0.037566 -0.056169 -0.000595 10.000000 0.000000 0.000000 10.000000 0.000000 10.000000
ODOMETRY 234 235 -0.085149 -0.065204 0.005239 10.000000 0.000000 0.000000 10.000000 0.000000 10.000000
ODOMETRY 235 236 -0.054062 -0.087791 0.015762 10.000000 0.000000 0.000000 10.000000 0.000000 10.000000
ODOMETRY 236 237 -0.115029 -0.024745 0.393305 10.000000 0.000000 0.000000 10.000000 0.000000 10.000000
ODOMETRY 237 238 -0.080448 0.019008 -0.011767 10.000000 0.000000 0.000000 10.000000 0.000000 10.000000
ODOMETRY 238 239 -0.098287 0.004204 0.002184 10.000000 0.000000 0.000000 10.000000 0.000000 10.000000
ODOMETRY 239 240 -0.120668 -0.016925 0.005656 10.000000 0.000000 0.000000 10.000000 0.000000 10.000000
ODOMETRY 240 241 -0.118945 0.020636 0.006453 10.000000 0.000000 0.000000 10.000000 0.000000 10.000000
ODOMETRY 241 242 -0.127087 0.038418 0.001181 10.000000 0.000000 0.000000 10.000000 0.000000 10.000000
ODOMETRY 242 243 -0.066980 0.005894 0.025048 10.000000 0.000000 0.000000 10.000000 0.000000 10.000000
ODOMETRY 243 244 -0.016289 -0.009133 0.458956 10.000000 0.000000 0.000000 10.000000 0.000000 10.000000
ODOMETRY 244 245 -0.099100 0.074858 0.012619 10.000000 0.000000 0.000000 10.000000 0.000000 10.000000
ODOMETRY 245 246 -0.114195 0.121145 -0.016247 10.000000 0.000000 0.000000 10.000000 0.000000 10.000000
ODOMETRY 246 247 -0.092247 0.070688 -0.016527 10.000000 0.000000 0.000000 10.000000 0.000000 10.000000
ODOMETRY 247 248 -0.050643 0.066259 0.011731 10.000000 0.000000 0.000000 10.000000 0.000000 10.000000
ODOMETRY 248 249 0.013100 0.065728 0.621340 10.000000 0.000000 0.000000 10.000000 0.000000 10.000000
ODOMETRY 249 250 0.071269 0.107656 0.002491 10.000000 0.000000 0.000000 10.000000 0.000000 10.000000
ODOMETRY 250 251 0.051408 0.113039 -0.009746 10.000000 0.000000 0.000000 10.000000 0.000000 10.000000
ODOMETRY 251 252 0.069718 0.090305 -0.002946 10.000000 0.000000 0.000000 10.000000 0.000000 10.000000
ODOMETRY 252 253 0.040125 0.093413 -0.013733 10.000000 0.000000 0.000000 10.000000 0.000000 10.000000
ODOMETRY 253 254 0.038084 0.070533 -0.002940 10.000000 0.000000 0.000000 10.000000 0.000000 10.000000
ODOMETRY 254 255 0.081485 0.078332 0.007239 10.000000 0.000000 0.000000 10.000000 0.000000 10.000000
ODOMETRY 255 256 0.027295 0.077557 -0.004592 10.000000 0.000000 0.000000 10.000000 0.000000 10.000000
ODOMETRY 256 257 0.019159 -0.014113 -5.675016 10.000000 0.000000 0.000000 10.000000 0.000000 10.000000
ODOMETRY 257 258 0.067225 0.010673 -0.003864 10.000000 0.000000 0.000000 10.000000 0.000000 10.000000
ODOMETRY 258 259 0.092404 0.015335 0.008776 10.000000 0.000000 0.000000 10.000000 0.000000 10.000000
ODOMETRY 259 260 0.095548 -0.014714 0.012589 10.000000 0.000000 0.000000 10.000000 0.000000 10.000000
ODOMETRY 260 261 0.069420 -0.019052 0.017880 10.000000 0.000000 0.000000 10.000000 0.000000 10.000000
ODOMETRY 261 262 0.125886 -0.047548 -0.003376 10.000000 0.000000 0.000000 10.000000 0.000000 10.000000
ODOMETRY 262 263 0.101188 0.012503 -0.004552 10.000000 0.000000 0.000000 10.000000 0.000000 10.000000
ODOMETRY 263 264 0.017336 0.015289 0.186646 10.000000 0.000000 0.000000 10.000000 0.000000 10.000000
ODOMETRY 264 265 0.043076 -0.041886 -0.007421 10.000000 0.000000 0.000000 10.000000 0.000000 10.000000
ODOMETRY 265 266 0.076917 -0.030206 0.009613 10.000000 0.000000 0.000000 10.000000 0.000000 10.000000
ODOMETRY 266 267 0.082382 -0.059271 0.020673 10.000000 0.000000 0.000000 10.000000 0.000000 10.000000
ODOMETRY 267 268 0.072906 -0.080267 0.008964 10.000000 0.000000 0.000000 10.000000 0.000000 10.000000
ODOMETRY 268 269 0.021567 -0.046236 0.115746 10.000000 0.000000 0.000000 10.000000 0.000000 10.000000
ODOMETRY 269 270 0.118609 -0.059721 -0.004141 10.000000 0.000000 0.000000 10.000000 0.000000 10.000000
ODOMETRY 270 271 0.066705 -0.074531 -0.013645 10.000000 0.000000 0.000000 10.000000 0.000000 10.000000
ODOMETRY 271 272 0.072968 -0.059364 0.012610 10.000000 0.000000 0.000000 10.000000 0.000000 10.000000
ODOMETRY 272 273 0.034691 -0.071970 -0.003402 10.000000 0.000000 0.000000 10.000000 0.000000 10.000000
ODOMETRY 273 274 0.102846 -0.069030 0.015884 10.000000 0.000000 0.000000 10.000000 0.000000 10.000000
ODOMETRY 274 275 0.046760 -0.064232 -0.002974 10.000000 0.000000 0.000000 10.000000 0.000000 10.000000
ODOMETRY 275 276 0.070267 -0.096385 0.344131 10.000000 0.000000 0.000000 10.000000 0.000000 10.000000
ODOMETRY 276 277 0.018523 -0.092028 0.003410 10.000000 0.000000 0.000000 10.000000 0.000000 10.000000
ODOMETRY 277 278 0.024468 -0.072455 -0.004357 10.000000 0.000000 0.000000 10.000000 0.000000 10.000000
ODOMETRY 278 279 -0.061802 -0.120013 0.511680 10.000000 0.000000 0.000000 10.000000 0.000000 10.000000
ODOMETRY 279 280 -0.075284 -0.070160 -0.001367 10.000000 0.000000 0.000000 10.000000 0.000000 10.000000
ODOMETRY 280 281 -0.075360 -0.053304 0.001084 10.000000 0.000000 0.000000 10.000000 0.000000 10.000000
ODOMETRY 281 282 -0.084489 -0.028718 0.005694 10.000000 0.000000 0.000000 10.000000 0.000000 10.000000
ODOMETRY 282 283 -0.066706 -0.034138 -0.003083 10.000000 0.000000 0.000000 10.000000 0.000000 10.000000
ODOMETRY 283 284 -0.073107 -0.101730 0.001174 10.000000 0.000000 0.000000 10.000000 0.000000 10.000000
ODOMETRY 284 285 -0.079560 -0.064599 0.011632 10.000000 0.000000 0.000000 10.000000 0.000000 10.000000
ODOMETRY 285 286 -0.042614 -0.061011 0.005631 10.000000 0.000000 0.000000 10.000000 0.000000 10.000000
ODOMETRY 286 287 -0.116520 -0.054803 0.002469 10.000000 0.000000 0.000000 10.000000 0.000000 10.000000
ODOMETRY 287 288 -0.089355 -0.078679 0.010173 10.000000 0.000000 0.000000 10.000000 0.000000 10.000000
ODOMETRY 288 289 -0.075545 -0.059933 -0.003659 10.000000 0.000000 0.000000 10.000000 0.000000 10.000000
ODOMETRY 289 290 -0.060852 -0.025898 0.281175 10.000000 0.000000 0.000000 10.000000 0.000000 10.000000
ODOMETRY 290 291 -0.129471 -0.018759 0.015759 10.000000 0.000000 0.000000 10.000000 0.000000 10.000000
ODOMETRY 291 292 -0.118095 0.003525 -0.007328 10.000000 0.000000 0.000000 10.000000 0.000000 10.000000
ODOMETRY 292 293 -0.088270 -0.018391 -0.008874 10.000000 0.000000 0.000000 10.000000 0.000000 10.000000
ODOMETRY 293 294 -0.091342 -0.012585 0.002598 10.000000 0.000000 0.000000 10.000000 0.000000 10.000000
ODOMETRY 294 295 -0.118503 -0.018273 -0.020852 10.000000 0.000000 0.000000 10.000000 0.000000 10.000000
ODOMETRY 295 296 -0.103032 -0.014893 -0.003012 10.000000 0.000000 0.000000 10.000000 0.000000 10.000000
ODOMETRY 296 297 -0.024162 0.001705 -0.043236 10.000000 0.000000 0.000000 10.000000 0.000000 10.000000
ODOMETRY 297 298 -0.075786 -0.015425 -0.003138 10.000000 0.000000 0.000000 10.000000 0.000000 10.000000
ODOMETRY 298 299 -0.106825 -0.004731 -0.006318 10.000000 0.000000 0.000000 10.000000 0.000000 10.000000
ODOMETRY 299 300 -0.109555 -0.043966 -0.000594 10.000000 0.000000 0.000000 10.000000 0.000000 10.000000
ODOMETRY 300 301 -0.133321 -0.033929 0.014876 10.000000 0.000000 0.000000 10.000000 0.000000 10.000000
ODOMETRY 301 302 -0.088804 -0.018569 0.016796 10.000000 0.000000 0.000000 10.000000 0.000000 10.000000
ODOMETRY 302 303 -0.130263 -0.006345 0.008886 10.000000 0.000000 0.000000 10.000000 0.000000 10.000000
ODOMETRY 303 304 -0.068060 -0.019382 -0.009639 10.000000 0.000000 0.000000 10.000000 0.000000 10.000000
ODOMETRY 304 305 -0.120524 -0.042819 -0.003979 10.000000 0.000000 0.000000 10.000000 0.000000 10.000000
ODOMETRY 305 306 -0.109775 0.003971 -0.007622 10.000000 0.000000 0.000000 10.000000 0.000000 10.000000
ODOMETRY 306 307 -0.057401 -0.033537 -0.005173 10.000000 0.000000 0.000000 10.000000 0.000000 10.000000
ODOMETRY 307 308 -0.076115 -0.049236 -0.009734 10.000000 0.000000 0.000000 10.000000 0.000000 10.000000
ODOMETRY 308 309 -0.025768 -0.016377 -0.041580 10.000000 0.000000 0.000000 10.000000 0.000000 10.000000
ODOMETRY 309 310 -0.122467 -0.055232 0.012756 10.000000 0.000000 0.000000 10.000000 0.000000 10.000000
ODOMETRY 310 311 -0.089117 -0.020168 0.006340 10.000000 0.000000 0.000000 10.000000 0.000000 10.000000
ODOMETRY 311 312 -0.089423 -0.050068 0.003105 10.000000 0.000000 0.000000 10.000000 0.000000 10.000000
ODOMETRY 312 313 -0.082733 -0.058392 0.004207 10.000000 0.000000 0.000000 10.000000 0.000000 10.000000
ODOMETRY 313 314 -0.105658 -0.015986 -0.027121 10.000000 0.000000 0.000000 10.000000 0.000000 10.000000
ODOMETRY 314 315 -0.113390 -0.000945 0.026752 10.000000 0.000000 0.000000 10.000000 0.000000 10.000000
ODOMETRY 315 316 -0.094677 -0.033094 -0.007085 10.000000 0.000000 0.000000 10.000000 0.000000 10.000000
ODOMETRY 316 317 -0.116011 -0.000033 -0.000045 10.000000 0.000000 0.000000 10.000000 0.000000 10.000000
ODOMETRY 317 318 -0.105131 -0.050257 -0.000552 10.000000 0.000000 0.000000 10.000000 0.000000 10.000000
ODOMETRY 318 319 -0.106426 -0.019573 0.000736 10.000000 0.000000 0.000000 10.000000 0.000000 10.000000
ODOMETRY 319 320 0.007537 -0.059920 -0.191228 10.000000 0.000000 0.000000 10.000000 0.000000 10.000000
ODOMETRY 320 321 -0.082151 -0.046349 0.000861 10.000000 0.000000 0.000000 10.000000 0.000000 10.000000
ODOMETRY 321 322 -0.076629 -0.050753 -0.005479 10.000000 0.000000 0.000000 10.000000 0.000000 10.000000
ODOMETRY 322 323 -0.084802 -0.104597 0.001680 10.000000 0.000000 0.000000 10.000000 0.000000 10.000000
ODOMETRY 323 324 -0.103506 -0.078052 0.018759 10.000000 0.000000 0.000000 10.000000 0.000000 10.000000
ODOMETRY 324 325 -0.092196 -0.068724 0.003983 10.000000 0.000000 0.000000 10.000000 0.000000 10.000000
ODOMETRY 325 326 -0.129459 -0.068611 -0.000980 10.000000 0.000000 0.000000 10.000000 0.000000 10.000000
ODOMETRY 326 327 -0.081147 -0.024847 -0.286292 10.000000 0.000000 0.000000 10.000000 0.000000 10.000000
ODOMETRY 327 328 -0.019593 -0.096251 0.013884 10.000000 0.000000 0.000000 10.000000 0.000000 10.000000
ODOMETRY 328 329 -0.000159 -0.102466 0.008876 10.000000 0.000000 0.000000 10.000000 0.000000 10.000000
ODOMETRY 329 330 -0.021185 -0.102376 -0.016685 10.000000 0.000000 0.000000 10.000000 0.000000 10.000000
ODOMETRY 330 331 -0.052791 -0.089570 0.001247 10.000000 0.000000 0.000000 10.000000 0.000000 10.000000
ODOMETRY 331 332 -0.078175 -0.066214 0.001082 10.000000 0.000000 0.000000 10.000000 0.000000 10.000000
ODOMETRY 332 333 -0.020342 -0.099750 0.002554 10.000000 0.000000 0.000000 10.000000 0.000000 10.000000
ODOMETRY 333 334 0.012045 -0.057242 -0.527001 10.000000 0.000000 0.000000 10.000000 0.000000 10.000000
ODOMETRY 334 335 0.095296 -0.074788 0.001104 10.000000 0.000000 0.000000 10.000000 0.000000 10.000000
ODOMETRY 335 336 0.029390 -0.057852 0.010680 10.000000 0.000000 0.000000 10.000000 0.000000 10.000000
ODOMETRY 336 337 0.058078 -0.057809 -0.011917 10.000000 0.000000 0.000000 10.000000 0.000000 10.000000
ODOMETRY 337 338 0.069121 -0.084777 -0.003864 10.000000 0.000000 0.000000 10.000000 0.000000 10.000000
ODOMETRY 338 339 0.095874 -0.099581 0.002670 10.000000 0.000000 0.000000 10.000000 0.000000 10.000000
ODOMETRY 339 340 0.054665 -0.089018 0.004727 10.000000 0.000000 0.000000 10.000000 0.000000 10.000000
ODOMETRY 340 341 0.085545 -0.058548 0.001577 10.000000 0.000000 0.000000 10.000000 0.000000 10.000000
ODOMETRY 341 342 0.079508 -0.044211 -0.419502 10.000000 0.000000 0.000000 10.000000 0.000000 10.000000
ODOMETRY 342 343 0.088143 0.000095 0.008034 10.000000 0.000000 0.000000 10.000000 0.000000 10.000000
ODOMETRY 343 344 0.101705 -0.001328 -0.014836 10.000000 0.000000 0.000000 10.000000 0.000000 10.000000
ODOMETRY 344 345 0.120642 -0.009450 -0.008252 10.000000 0.000000 0.000000 10.000000 0.000000 10.000000
ODOMETRY 345 346 0.062330 -0.020868 0.011582 10.000000 0.000000 0.000000 10.000000 0.000000 10.000000
ODOMETRY 346 347 0.121603 0.028908 -0.018216 10.000000 0.000000 0.000000 10.000000 0.000000 10.000000
ODOMETRY 347 348 0.115184 0.016394 -0.006136 10.000000 0.000000 0.000000 10.000000 0.000000 10.000000
ODOMETRY 348 349 0.075198 0.019314 -0.004078 10.000000 0.000000 0.000000 10.000000 0.000000 10.000000
ODOMETRY 349 350 0.021516 0.000305 5.448709 10.000000 0.000000 0.000000 10.000000 0.000000 10.000000
ODOMETRY 350 351 0.009391 0.109035 -0.010954 10.000000 0.000000 0.000000 10.000000 0.000000 10.000000
ODOMETRY 351 352 -0.007910 0.099611 -0.000955 10.000000 0.000000 0.000000 10.000000 0.000000 10.000000
ODOMETRY 352 353 0.012013 0.083608 0.016237 10.000000 0.000000 0.000000 10.000000 0.000000 10.000000
ODOMETRY 353 354 0.005347 0.092530 -0.009052 10.000000 0.000000 0.000000 10.000000 0.000000 10.000000
ODOMETRY 354 355 0.014371 0.035383 -0.013622 10.000000 0.000000 0.000000 10.000000 0.000000 10.000000
ODOMETRY 355 356 -0.015580 0.088114 -0.002027 10.000000 0.000000 0.000000 10.000000 0.000000 10.000000
ODOMETRY 356 357 0.019701 0.085564 0.011015 10.000000 0.000000 0.000000 10.000000 0.000000 10.000000
ODOMETRY 357 358 0.007756 0.114623 -0.003438 10.000000 0.000000 0.000000 10.000000 0.000000 10.000000
ODOMETRY 358 359 0.010098 0.011059 -0.042058 10.000000 0.000000 0.000000 10.000000 0.000000 10.000000
ODOMETRY 359 360 -0.007537 0.091104 0.007862 10.000000 0.000000 0.000000 10.000000 0.000000 10.000000
ODOMETRY 360 361 -0.045862 0.135590 -0.003052 10.000000 0.000000 0.000000 10.000000 0.000000 10.000000
ODOMETRY 361 362 -0.025609 0.104745 0.007167 10.000000 0.000000 0.000000 10.000000 0.000000 10.000000
ODOMETRY 362 363 -0.005462 0.109199 0.007980 10.000000 0.000000 0.000000 10.000000 0.000000 10.000000
ODOMETRY 363 364 -0.025562 0.100224 -0.006160 10.000000 0.000000 0.000000 10.000000 0.000000 10.000000
ODOMETRY 364 365 -0.047012 0.098878 -0.001137 10.000000 0.000000 0.000000 10.000000 0.000000 10.000000
ODOMETRY 365 366 -0.021581 0.102850 0.005466 10.000000 0.000000 0.000000 10.000000 0.000000 10.000000
ODOMETRY 366 367 -0.010023 0.089949 -0.009599 10.000000 0.000000 0.000000 10.000000 0.000000 10.000000
ODOMETRY 367 368 0.018330 0.088908 0.014004 10.000000 0.000000 0.000000 10.000000 0.000000 10.000000
ODOMETRY 368 369 -0.063648 0.087242 -0.417456 10.000000 0.000000 0.000000 10.000000 0.000000 10.000000
ODOMETRY 369 370 -0.133424 0.068373 0.022041 10.000000 0.000000 0.000000 10.000000 0.000000 10.000000
ODOMETRY 370 371 -0.050862 0.029917 0.004839 10.000000 0.000000 0.000000 10.000000 0.000000 10.000000
ODOMETRY 371 372 -0.108389 0.025435 -0.008388 10.000000 0.000000 0.000000 10.000000 0.000000 10.000000
ODOMETRY 372 373 -0.090954 -0.003468 0.011840 10.000000 0.000000 0.000000 10.000000 0.000000 10.000000
ODOMETRY 373 374 -0.069433 0.075208 -0.002935 10.000000 0.000000 0.000000 10.000000 0.000000 10.000000
ODOMETRY 374 375 -0.072292 0.028635 0.005964 10.000000 0.000000 0.000000 10.000000 0.000000 10.000000
ODOMETRY 375 376 -0.074250 0.009407 -0.008656 10.000000 0.000000 0.000000 10.000000 0.000000 10.000000
ODOMETRY 376 377 -0.068954 0.039051 -0.000499 10.000000 0.000000 0.000000 10.000000 0.000000 10.000000
ODOMETRY 377 378 -0.082206 0.030097 0.012090 10.000000 0.000000 0.000000 10.000000 0.000000 10.000000
ODOMETRY 378 379 -0.043170 0.008190 -0.258310 10.000000 0.000000 0.000000 10.000000 0.000000 10.000000
ODOMETRY 379 380 -0.093475 0.002136 -0.005661 10.000000 0.000000 0.000000 10.000000 0.000000 10.000000
ODOMETRY 380 381 -0.065490 -0.008400 0.007225 10.000000 0.000000 0.000000 10.000000 0.000000 10.000000
ODOMETRY 381 382 -0.066722 0.013673 -0.004580 10.000000 0.000000 0.000000 10.000000 0.000000 10.000000
ODOMETRY 382 383 -0.115912 -0.013754 -0.004059 10.000000 0.000000 0.000000 10.000000 0.000000 10.000000
ODOMETRY 383 384 -0.131544 0.033747 -0.003956 10.000000 0.000000 0.000000 10.000000 0.000000 10.000000
ODOMETRY 384 385 -0.072724 -0.024952 -0.133637 10.000000 0.000000 0.000000 10.000000 0.000000 10.000000
ODOMETRY 385 386 -0.097822 -0.026319 0.021042 10.000000 0.000000 0.000000 10.000000 0.000000 10.000000
ODOMETRY 386 387 -0.111952 -0.031966 0.002052 10.000000 0.000000 0.000000 10.000000 0.000000 10.000000
ODOMETRY 387 388 -0.087042 -0.041915 -0.011604 10.000000 0.000000 0.000000 10.000000 0.000000 10.000000
ODOMETRY 388 389 -0.081111 -0.003136 -0.005700 10.000000 0.000000 0.000000 10.000000 0.000000 10.000000
ODOMETRY 389 390 -0.047506 -0.022321 -0.013128 10.000000 0.000000 0.000000 10.000000 0.000000 10.000000
ODOMETRY 390 391 -0.101286 0.004298 -0.020324 10.000000 0.000000 0.000000 10.000000 0.000000 10.000000
ODOMETRY 391 392 -0.114324 -0.027387 -0.001563 10.000000 0.000000 0.000000 10.000000 0.000000 10.000000
ODOMETRY 392 393 -0.127122 -0.065358 0.001401 10.000000 0.000000 0.000000 10.000000 0.000000 10.000000
ODOMETRY 393 394 -0.067032 -0.028889 -0.182015 10.000000 0.000000 0.000000 10.000000 0.000000 10.000000
ODOMETRY 394 395 -0.063529 -0.054389 -0.003109 10.000000 0.000000 0.000000 10.000000 0.000000 10.000000
ODOMETRY 395 396 -0.050773 -0.028520 0.006837 10.000000 0.000000 0.000000 10.000000 0.000000 10.000000
ODOMETRY 396 397 -0.044480 -0.079748 0.000840 10.000000 0.000000 0.000000 10.000000 0.000000 10.000000
ODOMETRY 397 398 -0.045767 -0.076907 -0.000943 10.000000 0.000000 0.000000 10.000000 0.000000 10.000000
ODOMETRY 398 399 -0.103517 -0.020012 0.009296 10.000000 0.000000 0.000000 10.000000 0.000000 10.000000
ODOMETRY 399 400 -0.086559 -0.091979 0.000996 10.000000 0.000000 0.000000 10.000000 0.000000 10.000000
ODOMETRY 400 401 -0.049699 -0.084005 0.010115 10.000000 0.000000 0.000000 10.000000 0.000000 10.000000
ODOMETRY 401 402 -0.010023 -0.025232 -0.344623 10.000000 0.000000 0.000000 10.000000 0.000000 10.000000
ODOMETRY 402 403 -0.035243 -0.090160 -0.010069 10.000000 0.000000 0.000000 10.000000 0.000000 10.000000
ODOMETRY 403 404 -0.031570 -0.122381 -0.004043 10.000000 0.000000 0.000000 10.000000 0.000000 10.000000
ODOMETRY 404 405 -0.008457 -0.124972 0.008240 10.000000 0.000000 0.000000 10.000000 0.000000 10.000000
ODOMETRY 405 406 -0.014571 -0.087008 -0.006493 10.000000 0.000000 0.000000 10.000000 0.000000 10.000000
ODOMETRY 406 407 -0.035232 -0.092576 -0.006106 10.000000 0.000000 0.000000 10.000000 0.000000 10.000000
ODOMETRY 407 408 -0.011379 -0.104699 0.009592 10.000000 0.000000 0.000000 10.000000 0.000000 10.000000
ODOMETRY 408 409 -0.005209 -0.043647 -0.215786 10.000000 0.000000 0.000000 10.000000 0.000000 10.000000
ODOMETRY 409 410 -0.018271 -0.095576 0.020804 10.000000 0.000000 0.000000 10.000000 0.000000 10.000000
ODOMETRY 410 411 0.010870 -0.116727 -0.010398 10.000000 0.000000 0.000000 10.000000 0.000000 10.000000
ODOMETRY 411 412 -0.017103 -0.108586 -0.004574 10.000000 0.000000 0.000000 10.000000 0.000000 10.000000
ODOMETRY 412 413 0.023150 -0.095767 0.015761 10.000000 0.000000 0.000000 10.000000 0.000000 10.000000
ODOMETRY 413 414 -0.008704 -0.086703 0.007636 10.000000 0.000000 0.000000 10.000000 0.000000 10.000000
ODOMETRY 414 415 0.011199 -0.075695 0.012005 10.000000 0.000000 0.000000 10.000000 0.000000 10.000000
ODOMETRY 415 416 -0.003570 -0.105933 0.005190 10.000000 0.000000 0.000000 10.000000 0.000000 10.000000
ODOMETRY 416 417 0.033011 -0.047916 -0.088389 10.000000 0.000000 0.000000 10.000000 0.000000 10.000000
ODOMETRY 417 418 0.024186 -0.109650 -0.009751 10.000000 0.000000 0.000000 10.000000 0.000000 10.000000
ODOMETRY 418 419 0.045703 -0.121488 -0.012551 10.000000 0.000000 0.000000 10.000000 0.000000 10.000000
ODOMETRY 419 420 0.012398 -0.036833 -0.040181 10.000000 0.000000 0.000000 10.000000 0.000000 10.000000
ODOMETRY 420 421 0.006397 -0.075508 -0.002458 10.000000 0.000000 0.000000 10.000000 0.000000 10.000000
ODOMETRY 421 422 -0.001240 -0.080436 -0.003325 10.000000 0.000000 0.000000 10.000000 0.000000 10.000000
ODOMETRY 422 423 0.034423 -0.111049 0.000070 10.000000 0.000000 0.000000 10.000000 0.000000 10.000000
ODOMETRY 423 424 0.021953 -0.105415 -0.027456 10.000000 0.000000 0.000000 10.000000 0.000000 10.000000
LANDMARK 33 1001 -2.174819 3.192112 2.000000 0.000000 2.000000
LANDMARK 34 1001 -2.048006 3.246374 2.000000 0.000000 2.000000
LANDMARK 35 1001 -2.077880 3.195414 2.000000 0.000000 2.000000
LANDMARK 69 1001 2.589712 0.048888 2.000000 0.000000 2.000000
LANDMARK 71 1001 2.426644 -0.044941 2.000000 0.000000 2.000000
LANDMARK 72 1001 2.350185 -0.095576 2.000000 0.000000 2.000000
LANDMARK 74 1001 2.289809 -0.447120 2.000000 0.000000 2.000000
LANDMARK 75 1001 2.132302 -0.471655 2.000000 0.000000 2.000000
LANDMARK 76 1001 2.102525 -0.504072 2.000000 0.000000 2.000000
LANDMARK 77 1001 1.963508 -0.627864 2.000000 0.000000 2.000000
LANDMARK 78 1001 2.001967 -0.557818 2.000000 0.000000 2.000000
LANDMARK 79 1001 1.977845 -0.606738 2.000000 0.000000 2.000000
LANDMARK 82 1001 1.129810 -1.265624 2.000000 0.000000 2.000000
LANDMARK 83 1001 1.182231 -1.404956 2.000000 0.000000 2.000000
LANDMARK 84 1001 1.019641 -1.363158 2.000000 0.000000 2.000000
LANDMARK 85 1001 1.038825 -1.171854 2.000000 0.000000 2.000000
LANDMARK 86 1001 0.999505 -1.328388 2.000000 0.000000 2.000000
LANDMARK 87 1001 0.771433 -1.335778 2.000000 0.000000 2.000000
LANDMARK 88 1001 0.706809 -1.381321 2.000000 0.000000 2.000000
LANDMARK 1 1002 -1.984529 -0.321400 2.000000 0.000000 2.000000
LANDMARK 4 1002 -1.663823 -0.100050 2.000000 0.000000 2.000000
LANDMARK 7 1002 -1.518048 0.001518 2.000000 0.000000 2.000000
LANDMARK 8 1002 -1.336802 -0.021450 2.000000 0.000000 2.000000
LANDMARK 10 1002 -1.131857 0.152688 2.000000 0.000000 2.000000
LANDMARK 11 1002 -1.036020 0.235188 2.000000 0.000000 2.000000
LANDMARK 14 1002 -0.740343 0.555505 2.000000 0.000000 2.000000
LANDMARK 17 1002 -0.220194 0.663354 2.000000 0.000000 2.000000
LANDMARK 18 1003 -4.264611 0.232774 2.000000 0.000000 2.000000
LANDMARK 30 1003 -3.132473 -0.184368 2.000000 0.000000 2.000000
LANDMARK 43 1003 -1.784130 -0.215241 2.000000 0.000000 2.000000
LANDMARK 44 1003 -1.637057 -0.163106 2.000000 0.000000 2.000000
LANDMARK 45 1003 -1.558984 -0.277527 2.000000 0.000000 2.000000
LANDMARK 47 1003 -1.357425 -0.084024 2.000000 0.000000 2.000000
LANDMARK 49 1003 -1.183082 0.101571 2.000000 0.000000 2.000000
LANDMARK 50 1003 -1.107599 0.019421 2.000000 0.000000 2.000000
LANDMARK 52 1003 -0.882897 -0.004052 2.000000 0.000000 2.000000
LANDMARK 54 1003 -0.783340 0.014886 2.000000 0.000000 2.000000
LANDMARK 55 1003 -0.539640 -0.227693 2.000000 0.000000 2.000000
LANDMARK 337 1003 0.608662 -3.085610 2.000000 0.000000 2.000000
LANDMARK 338 1003 0.591302 -2.958509 2.000000 0.000000 2.000000
LANDMARK 340 1003 0.521332 -2.848911 2.000000 0.000000 2.000000
LANDMARK 343 1003 1.460876 -2.442232 2.000000 0.000000 2.000000
LANDMARK 4 1004 -4.044690 0.429914 2.000000 0.000000 2.000000
LANDMARK 11 1004 -3.472758 0.911793 2.000000 0.000000 2.000000
LANDMARK 16 1004 -2.368175 2.214346 2.000000 0.000000 2.000000
LANDMARK 17 1004 -2.247765 2.201299 2.000000 0.000000 2.000000
LANDMARK 18 1004 -2.014194 2.145560 2.000000 0.000000 2.000000
LANDMARK 19 1004 -1.841493 2.124016 2.000000 0.000000 2.000000
LANDMARK 20 1004 -1.955693 2.114795 2.000000 0.000000 2.000000
LANDMARK 21 1004 -1.870938 2.054721 2.000000 0.000000 2.000000
LANDMARK 22 1004 -1.725282 2.085656 2.000000 0.000000 2.000000
LANDMARK 24 1004 -1.410664 2.007265 2.000000 0.000000 2.000000
LANDMARK 25 1004 -1.264373 2.144178 2.000000 0.000000 2.000000
LANDMARK 26 1004 -1.234839 1.976058 2.000000 0.000000 2.000000
LANDMARK 27 1004 -1.169169 2.001487 2.000000 0.000000 2.000000
LANDMARK 28 1004 -1.362504 2.008691 2.000000 0.000000 2.000000
LANDMARK 29 1004 -1.050649 1.975219 2.000000 0.000000 2.000000
LANDMARK 30 1004 -0.976408 1.953443 2.000000 0.000000 2.000000
LANDMARK 187 1004 3.095625 1.193977 2.000000 0.000000 2.000000
LANDMARK 92 1005 3.691682 -1.505073 2.000000 0.000000 2.000000
LANDMARK 93 1005 3.527144 -1.503462 2.000000 0.000000 2.000000
LANDMARK 94 1005 3.561055 -1.364691 2.000000 0.000000 2.000000
LANDMARK 95 1005 3.367334 -1.310341 2.000000 0.000000 2.000000
LANDMARK 96 1005 3.285046 -1.390335 2.000000 0.000000 2.000000
LANDMARK 97 1005 3.248546 -1.451615 2.000000 0.000000 2.000000
LANDMARK 98 1005 3.099272 -1.202566 2.000000 0.000000 2.000000
LANDMARK 99 1005 3.067021 -1.275270 2.000000 0.000000 2.000000
LANDMARK 100 1005 3.060447 -1.375237 2.000000 0.000000 2.000000
LANDMARK 101 1005 2.804126 -1.285066 2.000000 0.000000 2.000000
LANDMARK 102 1005 2.723863 -1.435110 2.000000 0.000000 2.000000
LANDMARK 103 1005 2.766688 -1.344199 2.000000 0.000000 2.000000
LANDMARK 104 1005 2.675863 -1.405566 2.000000 0.000000 2.000000
LANDMARK 105 1005 2.444766 -1.278300 2.000000 0.000000 2.000000
LANDMARK 106 1005 2.310442 -1.176691 2.000000 0.000000 2.000000
LANDMARK 107 1005 2.209068 -1.502773 2.000000 0.000000 2.000000
LANDMARK 108 1005 2.269648 -1.513963 2.000000 0.000000 2.000000
LANDMARK 109 1005 1.978778 -1.344060 2.000000 0.000000 2.000000
LANDMARK 110 1005 1.976065 -1.327272 2.000000 0.000000 2.000000
LANDMARK 111 1005 1.951293 -1.268591 2.000000 0.000000 2.000000
LANDMARK 112 1005 1.720373 -1.235283 2.000000 0.000000 2.000000
LANDMARK 113 1005 1.650743 -1.272092 2.000000 0.000000 2.000000
LANDMARK 114 1005 1.592361 -1.306542 2.000000 0.000000 2.000000
LANDMARK 115 1005 1.728824 -1.354273 2.000000 0.000000 2.000000
LANDMARK 116 1005 1.391721 -1.253675 2.000000 0.000000 2.000000
LANDMARK 117 1005 1.389861 -1.274737 2.000000 0.000000 2.000000
LANDMARK 118 1005 1.291279 -1.368783 2.000000 0.000000 2.000000
LANDMARK 119 1005 1.270840 -1.215817 2.000000 0.000000 2.000000
LANDMARK 120 1005 0.988201 -1.387154 2.000000 0.000000 2.000000
LANDMARK 121 1005 0.777270 -1.290799 2.000000 0.000000 2.000000
LANDMARK 123 1005 0.457922 -1.204671 2.000000 0.000000 2.000000
LANDMARK 124 1005 0.656424 -1.346402 2.000000 0.000000 2.000000
LANDMARK 125 1005 0.400134 -1.278078 2.000000 0.000000 2.000000
LANDMARK 126 1005 0.139706 -1.149351 2.000000 0.000000 2.000000
LANDMARK 127 1005 0.093223 -1.403699 2.000000 0.000000 2.000000
