Pose2d_Factor 0 (0, 0, 0) {100,0,0,100,0,100}
Pose2d_Pose2d_Factor 0 1 (-0.021954, -0.014124, -0.001104) {10,0,0,10,0,10}
Pose2d_Point2d_Factor 1 392 (-2.00289, -1.32954) {2,0,2}
Pose2d_Point2d_Factor 1 394 (-1.19988, -3.2957) {2,0,2}
Pose2d_Pose2d_Factor 1 2 (-0.025719, -0.024905, 0.002769) {10,0,0,10,0,10}
Pose2d_Point2d_Factor 2 394 (-1.21146, -3.24716) {2,0,2}
Pose2d_Pose2d_Factor 2 3 (-0.026336, -0.108866, 0.002658) {10,0,0,10,0,10}
Pose2d_Pose2d_Factor 3 4 (-0.067395, -0.140981, 0.014009) {10,0,0,10,0,10}
Pose2d_Pose2d_Factor 4 5 (-0.072302, -0.218263, 0.01373) {10,0,0,10,0,10}
Pose2d_Pose2d_Factor 5 6 (-0.122995, -0.228543, 0.025819) {10,0,0,10,0,10}
Pose2d_Pose2d_Factor 6 7 (-0.112713, -0.218636, 0.047382) {10,0,0,10,0,10}
Pose2d_Pose2d_Factor 7 8 (-0.155139, -0.2304, 0.040934) {10,0,0,10,0,10}
Pose2d_Pose2d_Factor 8 9 (-0.175937, -0.230277, 0.054894) {10,0,0,10,0,10}
Pose2d_Pose2d_Factor 9 10 (-0.2044, -0.213409, 0.090113) {10,0,0,10,0,10}
Pose2d_Pose2d_Factor 10 11 (-0.234664, -0.159037, 0.1028) {10,0,0,10,0,10}
Pose2d_Point2d_Factor 11 391 (-3.3114, 2.04891) {2,0,2}
Pose2d_Pose2d_Factor 11 12 (-0.24759, -0.104942, 0.093716) {10,0,0,10,0,10}
Pose2d_Pose2d_Factor 12 13 (-0.21958, -0.03916, 0.086209) {10,0,0,10,0,10}
Pose2d_Pose2d_Factor 13 14 (-0.197931, -0.001447, 0.106932) {10,0,0,10,0,10}
Pose2d_Point2d_Factor 14 393 (-2.3582, 3.19466) {2,0,2}
Pose2d_Pose2d_Factor 14 15 (-0.227168, 0.066344, 0.080865) {10,0,0,10,0,10}
Pose2d_Point2d_Factor 15 391 (-1.38915, 2.97532) {2,0,2}
Pose2d_Pose2d_Factor 15 16 (-0.207597, 0.083721, 0.093639) {10,0,0,10,0,10}
Pose2d_Point2d_Factor 16 391 (-0.93324, 2.92522) {2,0,2}
Pose2d_Point2d_Factor 16 393 (-1.42237, 3.32171) {2,0,2}
Pose2d_Pose2d_Factor 16 17 (-0.193463, 0.100472, 0.063966) {10,0,0,10,0,10}
Pose2d_Point2d_Factor 17 391 (-0.674728, 2.80057) {2,0,2}
Pose2d_Point2d_Factor 17 393 (-1.04851, 3.29059) {2,0,2}
Pose2d_Pose2d_Factor 17 18 (-0.169787, 0.135634, 0.075846) {10,0,0,10,0,10}
Pose2d_Point2d_Factor 18 391 (-0.371334, 2.69721) {2,0,2}
Pose2d_Point2d_Factor 18 393 (-0.605258, 3.29888) {2,0,2}
Pose2d_Pose2d_Factor 18 19 (-0.168795, 0.138642, 0.064764) {10,0,0,10,0,10}
Pose2d_Point2d_Factor 19 391 (-0.085572, 2.5874) {2,0,2}
Pose2d_Pose2d_Factor 19 20 (-0.120438, 0.180771, 0.036759) {10,0,0,10,0,10}
Pose2d_Point2d_Factor 20 391 (0.153182, 2.36987) {2,0,2}
Pose2d_Pose2d_Factor 20 21 (-0.145831, 0.207949, 0.030729) {10,0,0,10,0,10}
Pose2d_Point2d_Factor 21 391 (0.501289, 2.28255) {2,0,2}
Pose2d_Point2d_Factor 21 393 (0.079815, 2.72216) {2,0,2}
Pose2d_Pose2d_Factor 21 22 (-0.101357, 0.212713, 0.03639) {10,0,0,10,0,10}
Pose2d_Point2d_Factor 22 393 (0.193339, 2.57966) {2,0,2}
Pose2d_Pose2d_Factor 22 23 (-0.065579, 0.161639, 0.037507) {10,0,0,10,0,10}
Pose2d_Point2d_Factor 23 391 (0.66623, 1.89978) {2,0,2}
Pose2d_Point2d_Factor 23 393 (0.303137, 2.40558) {2,0,2}
Pose2d_Pose2d_Factor 23 24 (-0.083111, 0.232881, 0.045724) {10,0,0,10,0,10}
Pose2d_Point2d_Factor 24 391 (0.749883, 1.69104) {2,0,2}
Pose2d_Point2d_Factor 24 393 (0.636441, 1.95038) {2,0,2}
Pose2d_Pose2d_Factor 24 25 (-0.112451, 0.186377, 0.019631) {10,0,0,10,0,10}
Pose2d_Point2d_Factor 25 391 (0.886441, 1.52379) {2,0,2}
Pose2d_Point2d_Factor 25 393 (0.68831, 1.69402) {2,0,2}
Pose2d_Pose2d_Factor 25 26 (-0.064372, 0.202314, 0.039109) {10,0,0,10,0,10}
Pose2d_Point2d_Factor 26 391 (1.10057, 1.18194) {2,0,2}
Pose2d_Point2d_Factor 26 393 (0.969674, 1.76458) {2,0,2}
Pose2d_Pose2d_Factor 26 27 (-0.072998, 0.171149, 0.038397) {10,0,0,10,0,10}
Pose2d_Point2d_Factor 27 391 (1.20669, 1.02318) {2,0,2}
Pose2d_Point2d_Factor 27 393 (0.925249, 1.39533) {2,0,2}
Pose2d_Pose2d_Factor 27 28 (0.037207, 0.197049, 0.048807) {10,0,0,10,0,10}
Pose2d_Point2d_Factor 28 391 (1.06686, 0.757153) {2,0,2}
Pose2d_Point2d_Factor 28 393 (1.10793, 1.25614) {2,0,2}
Pose2d_Pose2d_Factor 28 29 (0.00576, 0.181224, 0.075771) {10,0,0,10,0,10}
Pose2d_Point2d_Factor 29 391 (1.26698, 0.476564) {2,0,2}
Pose2d_Pose2d_Factor 29 30 (0.056982, 0.148023, 0.060731) {10,0,0,10,0,10}
Pose2d_Point2d_Factor 30 393 (1.02897, 0.70184) {2,0,2}
Pose2d_Pose2d_Factor 30 31 (0.032883, 0.170686, 0.090029) {10,0,0,10,0,10}
Pose2d_Point2d_Factor 31 393 (1.05253, 0.444742) {2,0,2}
Pose2d_Pose2d_Factor 31 32 (0.033218, 0.134511, 0.071006) {10,0,0,10,0,10}
Pose2d_Point2d_Factor 32 393 (1.0347, 0.426401) {2,0,2}
Pose2d_Pose2d_Factor 32 33 (0.066982, 0.123628, 0.063483) {10,0,0,10,0,10}
Pose2d_Point2d_Factor 33 393 (0.831915, 0.074775) {2,0,2}
Pose2d_Pose2d_Factor 33 34 (0.103827, 0.086704, 0.057142) {10,0,0,10,0,10}
Pose2d_Point2d_Factor 34 393 (0.783289, -0.043224) {2,0,2}
Pose2d_Pose2d_Factor 34 35 (0.130767, 0.108378, 0.04112) {10,0,0,10,0,10}
Pose2d_Point2d_Factor 35 393 (0.702009, -0.081962) {2,0,2}
Pose2d_Pose2d_Factor 35 36 (0.097754, 0.087713, 0.023483) {10,0,0,10,0,10}
Pose2d_Point2d_Factor 36 393 (0.550503, -0.10956) {2,0,2}
Pose2d_Pose2d_Factor 36 37 (0.069074, 0.052091, 0.022085) {10,0,0,10,0,10}
Pose2d_Pose2d_Factor 37 38 (0.090615, 0.092294, 0.004195) {10,0,0,10,0,10}
Pose2d_Pose2d_Factor 38 39 (0.077828, 0.120939, -0.02351) {10,0,0,10,0,10}
Pose2d_Pose2d_Factor 39 40 (0.054629, 0.08415, -0.042505) {10,0,0,10,0,10}
Pose2d_Pose2d_Factor 40 41 (0.045893, 0.055274, -0.067008) {10,0,0,10,0,10}
Pose2d_Pose2d_Factor 41 42 (0.023876, 0.069863, -0.033973) {10,0,0,10,0,10}
Pose2d_Pose2d_Factor 42 43 (0.04261, 0.115027, 0.013884) {10,0,0,10,0,10}
Pose2d_Pose2d_Factor 43 44 (0.038201, 0.095037, 0.040357) {10,0,0,10,0,10}
Pose2d_Point2d_Factor 44 395 (4.04451, 0.131082) {2,0,2}
Pose2d_Pose2d_Factor 44 45 (0.072684, 0.063989, 0.073293) {10,0,0,10,0,10}
Pose2d_Point2d_Factor 45 395 (3.9408, -0.189766) {2,0,2}
Pose2d_Pose2d_Factor 45 46 (0.087378, 0.066212, 0.075607) {10,0,0,10,0,10}
Pose2d_Point2d_Factor 46 395 (3.86195, -0.634363) {2,0,2}
Pose2d_Pose2d_Factor 46 47 (0.102502, 0.081875, 0.083733) {10,0,0,10,0,10}
Pose2d_Point2d_Factor 47 395 (3.60067, -1.12672) {2,0,2}
Pose2d_Pose2d_Factor 47 48 (0.11315, 0.05882, 0.085429) {10,0,0,10,0,10}
Pose2d_Point2d_Factor 48 395 (3.5066, -1.45248) {2,0,2}
Pose2d_Pose2d_Factor 48 49 (0.127101, 0.037365, 0.083035) {10,0,0,10,0,10}
Pose2d_Point2d_Factor 49 395 (3.11157, -1.63335) {2,0,2}
Pose2d_Pose2d_Factor 49 50 (0.160171, 0.027225, 0.061954) {10,0,0,10,0,10}
Pose2d_Point2d_Factor 50 395 (2.77006, -1.7208) {2,0,2}
Pose2d_Pose2d_Factor 50 51 (0.206144, 0.006617, 0.064343) {10,0,0,10,0,10}
Pose2d_Point2d_Factor 51 395 (2.62794, -1.85971) {2,0,2}
Pose2d_Pose2d_Factor 51 52 (0.241224, -0.010887, 0.041036) {10,0,0,10,0,10}
Pose2d_Point2d_Factor 52 395 (2.24699, -1.83108) {2,0,2}
Pose2d_Pose2d_Factor 52 53 (0.220612, -0.032048, 0.014864) {10,0,0,10,0,10}
Pose2d_Point2d_Factor 53 395 (1.96187, -1.95969) {2,0,2}
Pose2d_Pose2d_Factor 53 54 (0.258474, -0.046492, -0.005425) {10,0,0,10,0,10}
Pose2d_Point2d_Factor 54 395 (1.80354, -1.78165) {2,0,2}
Pose2d_Pose2d_Factor 54 55 (0.262781, -0.081475, 0.008676) {10,0,0,10,0,10}
Pose2d_Pose2d_Factor 55 56 (0.309701, -0.059482, -0.001391) {10,0,0,10,0,10}
Pose2d_Point2d_Factor 56 395 (1.12152, -1.78988) {2,0,2}
Pose2d_Pose2d_Factor 56 57 (0.299507, -0.073932, 0.004938) {10,0,0,10,0,10}
Pose2d_Point2d_Factor 57 395 (0.782302, -1.62726) {2,0,2}
Pose2d_Pose2d_Factor 57 58 (0.282068, -0.015352, 0.012821) {10,0,0,10,0,10}
Pose2d_Pose2d_Factor 58 59 (0.315905, -0.039181, -0.023521) {10,0,0,10,0,10}
Pose2d_Pose2d_Factor 59 60 (0.269178, -0.003213, -0.020775) {10,0,0,10,0,10}
Pose2d_Pose2d_Factor 60 61 (0.243604, -0.043051, -0.044432) {10,0,0,10,0,10}
Pose2d_Pose2d_Factor 61 62 (0.242896, 0.064297, -0.043116) {10,0,0,10,0,10}
Pose2d_Pose2d_Factor 62 63 (0.235876, 0.042444, -0.014506) {10,0,0,10,0,10}
Pose2d_Pose2d_Factor 63 64 (0.18258, 0.045511, -0.008434) {10,0,0,10,0,10}
Pose2d_Pose2d_Factor 64 65 (0.155697, 0.029335, 0.009632) {10,0,0,10,0,10}
Pose2d_Pose2d_Factor 65 66 (0.142294, 0.011255, 0.039497) {10,0,0,10,0,10}
Pose2d_Pose2d_Factor 66 67 (0.167186, 0.010286, 0.088567) {10,0,0,10,0,10}
Pose2d_Pose2d_Factor 67 68 (0.132477, -0.01095, 0.148527) {10,0,0,10,0,10}
Pose2d_Pose2d_Factor 68 69 (0.086623, -0.026536, 0.229328) {10,0,0,10,0,10}
Pose2d_Pose2d_Factor 69 70 (0.029375, -0.070227, 0.32955) {10,0,0,10,0,10}
Pose2d_Pose2d_Factor 70 71 (-0.031507, -0.062622, 0.335924) {10,0,0,10,0,10}
Pose2d_Pose2d_Factor 71 72 (-0.086838, -0.089416, 0.231438) {10,0,0,10,0,10}
Pose2d_Pose2d_Factor 72 73 (-0.117197, -0.037363, 0.160558) {10,0,0,10,0,10}
Pose2d_Pose2d_Factor 73 74 (-0.101099, -0.035748, 0.114525) {10,0,0,10,0,10}
Pose2d_Pose2d_Factor 74 75 (-0.096067, 0.019722, 0.087767) {10,0,0,10,0,10}
Pose2d_Pose2d_Factor 75 76 (-0.158154, 0.048785, 0.070159) {10,0,0,10,0,10}
Pose2d_Point2d_Factor 76 395 (-0.450218, 1.7386) {2,0,2}
Pose2d_Pose2d_Factor 76 77 (-0.1267, 0.059348, 0.06293) {10,0,0,10,0,10}
Pose2d_Pose2d_Factor 77 78 (-0.114619, 0.081744, 0.082935) {10,0,0,10,0,10}
Pose2d_Pose2d_Factor 78 79 (-0.143555, 0.104969, 0.072625) {10,0,0,10,0,10}
Pose2d_Point2d_Factor 79 395 (0.343276, 1.35379) {2,0,2}
Pose2d_Pose2d_Factor 79 80 (-0.092688, 0.10921, 0.076869) {10,0,0,10,0,10}
Pose2d_Point2d_Factor 80 395 (0.548934, 1.20581) {2,0,2}
Pose2d_Pose2d_Factor 80 81 (-0.072571, 0.12082, 0.087714) {10,0,0,10,0,10}
Pose2d_Pose2d_Factor 81 82 (-0.040532, 0.143184, 0.076671) {10,0,0,10,0,10}
Pose2d_Point2d_Factor 82 395 (0.794866, 0.79437) {2,0,2}
Pose2d_Pose2d_Factor 82 83 (-0.054311, 0.139922, 0.051179) {10,0,0,10,0,10}
Pose2d_Point2d_Factor 83 395 (0.896973, 0.472743) {2,0,2}
Pose2d_Pose2d_Factor 83 84 (-0.032286, 0.165381, 0.023316) {10,0,0,10,0,10}
Pose2d_Pose2d_Factor 84 85 (-0.034578, 0.107298, 0.021995) {10,0,0,10,0,10}
Pose2d_Pose2d_Factor 85 86 (-0.01293, 0.114213, -0.016641) {10,0,0,10,0,10}
Pose2d_Pose2d_Factor 86 87 (-0.06727, 0.155652, -0.037701) {10,0,0,10,0,10}
Pose2d_Pose2d_Factor 87 88 (-0.036907, 0.167219, -0.048653) {10,0,0,10,0,10}
Pose2d_Pose2d_Factor 88 89 (-0.085919, 0.160245, -0.074901) {10,0,0,10,0,10}
Pose2d_Pose2d_Factor 89 90 (-0.05216, 0.155154, -0.075245) {10,0,0,10,0,10}
Pose2d_Pose2d_Factor 90 91 (-0.098753, 0.172332, -0.081998) {10,0,0,10,0,10}
Pose2d_Pose2d_Factor 91 92 (-0.118809, 0.145337, -0.058136) {10,0,0,10,0,10}
Pose2d_Pose2d_Factor 92 93 (-0.131733, 0.130368, -0.043924) {10,0,0,10,0,10}
Pose2d_Pose2d_Factor 93 94 (-0.204488, 0.100325, -0.056096) {10,0,0,10,0,10}
Pose2d_Pose2d_Factor 94 95 (-0.165762, 0.086519, -0.045019) {10,0,0,10,0,10}
Pose2d_Pose2d_Factor 95 96 (-0.211087, 0.085668, -0.039427) {10,0,0,10,0,10}
Pose2d_Pose2d_Factor 96 97 (-0.20456, 0.086983, -0.046801) {10,0,0,10,0,10}
Pose2d_Pose2d_Factor 97 98 (-0.232752, 0.025869, -0.031055) {10,0,0,10,0,10}
Pose2d_Pose2d_Factor 98 99 (-0.172514, 0.021504, -0.015859) {10,0,0,10,0,10}
Pose2d_Pose2d_Factor 99 100 (-0.228044, 0.051914, -0.009357) {10,0,0,10,0,10}
Pose2d_Pose2d_Factor 100 101 (-0.168524, 0.011342, -0.004758) {10,0,0,10,0,10}
Pose2d_Pose2d_Factor 101 102 (-0.206057, 0.029027, -0.021648) {10,0,0,10,0,10}
Pose2d_Pose2d_Factor 102 103 (-0.153006, 0.01446, -0.01845) {10,0,0,10,0,10}
Pose2d_Pose2d_Factor 103 104 (-0.190571, -0.023052, -0.053092) {10,0,0,10,0,10}
Pose2d_Pose2d_Factor 104 105 (-0.174429, -0.007473, -0.058688) {10,0,0,10,0,10}
Pose2d_Pose2d_Factor 105 106 (-0.16144, -0.034734, -0.076681) {10,0,0,10,0,10}
Pose2d_Pose2d_Factor 106 107 (-0.153719, -0.056904, -0.113542) {10,0,0,10,0,10}
Pose2d_Pose2d_Factor 107 108 (-0.08836, -0.094983, -0.108704) {10,0,0,10,0,10}
Pose2d_Pose2d_Factor 108 109 (-0.107515, -0.086592, -0.118957) {10,0,0,10,0,10}
Pose2d_Pose2d_Factor 109 110 (-0.048571, -0.135168, -0.130274) {10,0,0,10,0,10}
Pose2d_Pose2d_Factor 110 111 (-0.020654, -0.117438, -0.143658) {10,0,0,10,0,10}
Pose2d_Pose2d_Factor 111 112 (-0.015146, -0.127264, -0.114773) {10,0,0,10,0,10}
Pose2d_Pose2d_Factor 112 113 (0.022278, -0.1512, -0.045427) {10,0,0,10,0,10}
Pose2d_Pose2d_Factor 113 114 (0.083932, -0.114864, -0.030117) {10,0,0,10,0,10}
Pose2d_Pose2d_Factor 114 115 (0.062146, -0.096785, 0.018276) {10,0,0,10,0,10}
Pose2d_Pose2d_Factor 115 116 (0.050098, -0.124485, 0.049989) {10,0,0,10,0,10}
Pose2d_Pose2d_Factor 116 117 (0.011128, -0.144419, 0.124049) {10,0,0,10,0,10}
Pose2d_Pose2d_Factor 117 118 (-0.055362, -0.090388, 0.192423) {10,0,0,10,0,10}
Pose2d_Pose2d_Factor 118 119 (-0.062104, -0.043774, 0.290648) {10,0,0,10,0,10}
Pose2d_Pose2d_Factor 119 120 (-0.107105, -0.005802, 0.362877) {10,0,0,10,0,10}
Pose2d_Pose2d_Factor 120 121 (-0.106359, 0.093687, 0.323474) {10,0,0,10,0,10}
Pose2d_Pose2d_Factor 121 122 (-0.070058, 0.109339, 0.207946) {10,0,0,10,0,10}
Pose2d_Pose2d_Factor 122 123 (-0.015469, 0.147687, 0.137523) {10,0,0,10,0,10}
Pose2d_Pose2d_Factor 123 124 (0.041178, 0.143177, 0.084474) {10,0,0,10,0,10}
Pose2d_Pose2d_Factor 124 125 (0.057915, 0.152074, 0.057921) {10,0,0,10,0,10}
Pose2d_Pose2d_Factor 125 126 (0.066314, 0.133523, 0.05519) {10,0,0,10,0,10}
Pose2d_Pose2d_Factor 126 127 (0.079482, 0.178098, 0.05502) {10,0,0,10,0,10}
Pose2d_Pose2d_Factor 127 128 (0.125069, 0.206012, 0.043522) {10,0,0,10,0,10}
Pose2d_Pose2d_Factor 128 129 (0.138642, 0.177913, 0.032215) {10,0,0,10,0,10}
Pose2d_Pose2d_Factor 129 130 (0.144489, 0.178406, 0.048057) {10,0,0,10,0,10}
Pose2d_Pose2d_Factor 130 131 (0.144366, 0.166858, 0.059404) {10,0,0,10,0,10}
Pose2d_Pose2d_Factor 131 132 (0.16674, 0.113037, 0.046477) {10,0,0,10,0,10}
Pose2d_Pose2d_Factor 132 133 (0.181025, 0.096051, 0.037013) {10,0,0,10,0,10}
Pose2d_Pose2d_Factor 133 134 (0.223834, 0.103338, 0.044495) {10,0,0,10,0,10}
Pose2d_Pose2d_Factor 134 135 (0.218033, 0.050024, 0.037571) {10,0,0,10,0,10}
Pose2d_Pose2d_Factor 135 136 (0.236898, 0.050477, 0.045471) {10,0,0,10,0,10}
Pose2d_Pose2d_Factor 136 137 (0.220914, 0.03838, 0.043666) {10,0,0,10,0,10}
Pose2d_Pose2d_Factor 137 138 (0.23462, 0.040866, 0.05028) {10,0,0,10,0,10}
Pose2d_Pose2d_Factor 138 139 (0.19717, 0.036141, 0.041234) {10,0,0,10,0,10}
Pose2d_Pose2d_Factor 139 140 (0.192844, 0.033526, -6.23786) {10,0,0,10,0,10}
Pose2d_Pose2d_Factor 140 141 (0.163068, -0.016492, 0.024623) {10,0,0,10,0,10}
Pose2d_Pose2d_Factor 141 142 (0.201348, -0.019895, 0.031992) {10,0,0,10,0,10}
Pose2d_Pose2d_Factor 142 143 (0.229083, -0.025763, 0.034271) {10,0,0,10,0,10}
Pose2d_Pose2d_Factor 143 144 (0.176497, -0.030976, -0.00693) {10,0,0,10,0,10}
Pose2d_Pose2d_Factor 144 145 (0.199219, -0.040079, 0.020529) {10,0,0,10,0,10}
Pose2d_Pose2d_Factor 145 146 (0.161887, -0.042366, 0.000362) {10,0,0,10,0,10}
Pose2d_Pose2d_Factor 146 147 (0.177839, -0.071165, 0.009851) {10,0,0,10,0,10}
Pose2d_Pose2d_Factor 147 148 (0.165989, -0.074989, -0.004659) {10,0,0,10,0,10}
Pose2d_Pose2d_Factor 148 149 (0.178764, -0.00881, 0.014012) {10,0,0,10,0,10}
Pose2d_Pose2d_Factor 149 150 (0.132227, -0.060803, -0.005103) {10,0,0,10,0,10}
Pose2d_Pose2d_Factor 150 151 (0.153373, -0.052574, -0.022682) {10,0,0,10,0,10}
Pose2d_Pose2d_Factor 151 152 (0.135406, -0.059004, 0.00103) {10,0,0,10,0,10}
Pose2d_Pose2d_Factor 152 153 (0.106698, -0.047871, 0.016789) {10,0,0,10,0,10}
Pose2d_Pose2d_Factor 153 154 (0.095375, -0.074492, 0.050104) {10,0,0,10,0,10}
Pose2d_Pose2d_Factor 154 155 (0.086457, -0.02528, 0.043718) {10,0,0,10,0,10}
Pose2d_Pose2d_Factor 155 156 (0.108201, -0.075406, 0.109548) {10,0,0,10,0,10}
Pose2d_Pose2d_Factor 156 157 (0.086216, -0.072876, 0.153522) {10,0,0,10,0,10}
Pose2d_Pose2d_Factor 157 158 (-0.000436, -0.076273, 0.175223) {10,0,0,10,0,10}
Pose2d_Pose2d_Factor 158 159 (-0.00966, -0.064738, 0.20975) {10,0,0,10,0,10}
Pose2d_Pose2d_Factor 159 160 (-0.051869, -0.064597, 0.22168) {10,0,0,10,0,10}
Pose2d_Pose2d_Factor 160 161 (-0.082005, -0.059038, 0.187649) {10,0,0,10,0,10}
Pose2d_Pose2d_Factor 161 162 (-0.088251, -0.024449, 0.135305) {10,0,0,10,0,10}
Pose2d_Pose2d_Factor 162 163 (-0.111569, -0.024659, 0.097155) {10,0,0,10,0,10}
Pose2d_Pose2d_Factor 163 164 (-0.112435, 4.2e-05, 0.087533) {10,0,0,10,0,10}
Pose2d_Pose2d_Factor 164 165 (-0.111798, 0.026878, 0.070077) {10,0,0,10,0,10}
Pose2d_Pose2d_Factor 165 166 (-0.09997, -0.001308, 0.056868) {10,0,0,10,0,10}
Pose2d_Pose2d_Factor 166 167 (-0.116542, 0.056466, 0.068771) {10,0,0,10,0,10}
Pose2d_Pose2d_Factor 167 168 (-0.128583, 0.113076, 0.038579) {10,0,0,10,0,10}
Pose2d_Pose2d_Factor 168 169 (-0.096834, 0.118636, 0.043545) {10,0,0,10,0,10}
Pose2d_Pose2d_Factor 169 170 (-0.143428, 0.135038, 0.058299) {10,0,0,10,0,10}
Pose2d_Pose2d_Factor 170 171 (-0.096659, 0.119371, 0.070483) {10,0,0,10,0,10}
Pose2d_Pose2d_Factor 171 172 (-0.100378, 0.159603, 0.039784) {10,0,0,10,0,10}
Pose2d_Pose2d_Factor 172 173 (-0.110151, 0.152659, 0.031977) {10,0,0,10,0,10}
Pose2d_Pose2d_Factor 173 174 (-0.038081, 0.150521, 0.006414) {10,0,0,10,0,10}
Pose2d_Pose2d_Factor 174 175 (-0.038513, 0.173626, 0.000957) {10,0,0,10,0,10}
Pose2d_Pose2d_Factor 175 176 (-0.067037, 0.158423, -0.012489) {10,0,0,10,0,10}
Pose2d_Pose2d_Factor 176 177 (-0.104488, 0.173835, -0.008642) {10,0,0,10,0,10}
Pose2d_Pose2d_Factor 177 178 (-0.084997, 0.15599, -0.030305) {10,0,0,10,0,10}
Pose2d_Pose2d_Factor 178 179 (-0.108005, 0.135058, -0.037837) {10,0,0,10,0,10}
Pose2d_Pose2d_Factor 179 180 (-0.127422, 0.116392, -0.068484) {10,0,0,10,0,10}
Pose2d_Pose2d_Factor 180 181 (-0.126921, 0.132425, -0.089385) {10,0,0,10,0,10}
Pose2d_Pose2d_Factor 181 182 (-0.163419, 0.102236, -0.063672) {10,0,0,10,0,10}
Pose2d_Pose2d_Factor 182 183 (-0.173832, 0.046109, -0.063559) {10,0,0,10,0,10}
Pose2d_Pose2d_Factor 183 184 (-0.187061, 0.028891, -0.067936) {10,0,0,10,0,10}
Pose2d_Pose2d_Factor 184 185 (-0.163315, -0.001916, -0.068699) {10,0,0,10,0,10}
Pose2d_Pose2d_Factor 185 186 (-0.182228, 0.012324, -0.052103) {10,0,0,10,0,10}
Pose2d_Pose2d_Factor 186 187 (-0.172269, -0.016463, -0.044719) {10,0,0,10,0,10}
Pose2d_Pose2d_Factor 187 188 (-0.189886, -0.023747, -0.053532) {10,0,0,10,0,10}
Pose2d_Pose2d_Factor 188 189 (-0.212571, -0.080294, -0.036773) {10,0,0,10,0,10}
Pose2d_Pose2d_Factor 189 190 (-0.12461, -0.041337, -0.012989) {10,0,0,10,0,10}
Pose2d_Pose2d_Factor 190 191 (-0.146258, -0.080291, -0.02784) {10,0,0,10,0,10}
Pose2d_Pose2d_Factor 191 192 (-0.15923, 0.011795, -0.010441) {10,0,0,10,0,10}
Pose2d_Pose2d_Factor 192 193 (-0.126782, -0.038749, -0.020152) {10,0,0,10,0,10}
Pose2d_Pose2d_Factor 193 194 (-0.121908, -0.058814, -0.019168) {10,0,0,10,0,10}
Pose2d_Pose2d_Factor 194 195 (-0.121784, -0.038096, 0.003489) {10,0,0,10,0,10}
Pose2d_Pose2d_Factor 195 196 (-0.109385, -0.071341, 0.012032) {10,0,0,10,0,10}
Pose2d_Pose2d_Factor 196 197 (-0.1331, -0.024601, 0.027017) {10,0,0,10,0,10}
Pose2d_Pose2d_Factor 197 198 (-0.086307, -0.0168, 0.024488) {10,0,0,10,0,10}
Pose2d_Pose2d_Factor 198 199 (-0.145203, 0.006727, 0.023637) {10,0,0,10,0,10}
Pose2d_Pose2d_Factor 199 200 (-0.099007, -0.035543, 0.044982) {10,0,0,10,0,10}
Pose2d_Pose2d_Factor 200 201 (-0.113673, -0.026209, 0.021803) {10,0,0,10,0,10}
Pose2d_Pose2d_Factor 201 202 (-0.11065, 0.007946, 0.034805) {10,0,0,10,0,10}
Pose2d_Pose2d_Factor 202 203 (-0.163216, -0.019019, 0.026204) {10,0,0,10,0,10}
Pose2d_Pose2d_Factor 203 204 (-0.13949, -0.017776, 0.02327) {10,0,0,10,0,10}
Pose2d_Pose2d_Factor 204 205 (-0.111272, -0.01982, 0.01726) {10,0,0,10,0,10}
Pose2d_Pose2d_Factor 205 206 (-0.159901, 0.030029, 0.004089) {10,0,0,10,0,10}
Pose2d_Pose2d_Factor 206 207 (-0.138168, -0.01704, 0.010177) {10,0,0,10,0,10}
Pose2d_Pose2d_Factor 207 208 (-0.111601, -0.004355, 0.003675) {10,0,0,10,0,10}
Pose2d_Pose2d_Factor 208 209 (-0.112797, 0.00684, -0.004873) {10,0,0,10,0,10}
Pose2d_Pose2d_Factor 209 210 (-0.128341, 0.029729, -0.008294) {10,0,0,10,0,10}
Pose2d_Pose2d_Factor 210 211 (-0.114057, -0.003519, -0.028864) {10,0,0,10,0,10}
Pose2d_Pose2d_Factor 211 212 (-0.136761, 0.017325, -0.003136) {10,0,0,10,0,10}
Pose2d_Pose2d_Factor 212 213 (-0.125174, 0.021169, 0.011727) {10,0,0,10,0,10}
Pose2d_Pose2d_Factor 213 214 (-0.098932, 0.026111, 0.05043) {10,0,0,10,0,10}
Pose2d_Pose2d_Factor 214 215 (-0.135555, 0.002894, 0.06098) {10,0,0,10,0,10}
Pose2d_Pose2d_Factor 215 216 (-0.077819, 0.045653, 0.127294) {10,0,0,10,0,10}
Pose2d_Pose2d_Factor 216 217 (-0.013181, 0.040807, 0.186371) {10,0,0,10,0,10}
Pose2d_Pose2d_Factor 217 218 (-0.033453, 0.041717, 0.218113) {10,0,0,10,0,10}
Pose2d_Pose2d_Factor 218 219 (0.041923, 0.038432, 0.245548) {10,0,0,10,0,10}
Pose2d_Pose2d_Factor 219 220 (0.033716, 0.032175, 0.235944) {10,0,0,10,0,10}
Pose2d_Pose2d_Factor 220 221 (0.074988, 0.036653, 0.188999) {10,0,0,10,0,10}
Pose2d_Pose2d_Factor 221 222 (0.046958, 0.039861, 0.142195) {10,0,0,10,0,10}
Pose2d_Pose2d_Factor 222 223 (0.080121, 0.03787, 0.10354) {10,0,0,10,0,10}
Pose2d_Pose2d_Factor 223 224 (0.13087, 0.02756, 0.079116) {10,0,0,10,0,10}
Pose2d_Pose2d_Factor 224 225 (0.124419, -0.042421, 0.057944) {10,0,0,10,0,10}
Pose2d_Point2d_Factor 225 395 (3.22442, -2.13088) {2,0,2}
Pose2d_Pose2d_Factor 225 226 (0.12829, -0.043429, 0.034035) {10,0,0,10,0,10}
Pose2d_Pose2d_Factor 226 227 (0.102412, -0.038743, 0.035861) {10,0,0,10,0,10}
Pose2d_Point2d_Factor 227 395 (2.83581, -2.26434) {2,0,2}
Pose2d_Pose2d_Factor 227 228 (0.105795, -0.040766, 0.045068) {10,0,0,10,0,10}
Pose2d_Point2d_Factor 228 395 (2.60875, -2.48411) {2,0,2}
Pose2d_Pose2d_Factor 228 229 (0.096858, -0.091375, 0.036462) {10,0,0,10,0,10}
Pose2d_Point2d_Factor 229 395 (2.46483, -2.58406) {2,0,2}
Pose2d_Pose2d_Factor 229 230 (0.124565, -0.11897, 0.049579) {10,0,0,10,0,10}
Pose2d_Point2d_Factor 230 395 (2.07038, -2.39816) {2,0,2}
Pose2d_Pose2d_Factor 230 231 (0.059597, -0.092273, 0.061089) {10,0,0,10,0,10}
Pose2d_Point2d_Factor 231 395 (1.90803, -2.33126) {2,0,2}
Pose2d_Pose2d_Factor 231 232 (0.074355, -0.064094, 0.077911) {10,0,0,10,0,10}
Pose2d_Point2d_Factor 232 395 (1.70093, -2.66389) {2,0,2}
Pose2d_Pose2d_Factor 232 233 (0.041019, -0.060046, 0.103433) {10,0,0,10,0,10}
Pose2d_Point2d_Factor 233 395 (1.14884, -2.7241) {2,0,2}
Pose2d_Pose2d_Factor 233 234 (0.027218, -0.080757, 0.122579) {10,0,0,10,0,10}
Pose2d_Point2d_Factor 234 395 (0.686234, -2.9395) {2,0,2}
Pose2d_Pose2d_Factor 234 235 (-0.01743, -0.084571, 0.15025) {10,0,0,10,0,10}
Pose2d_Point2d_Factor 235 395 (0.113226, -2.5934) {2,0,2}
Pose2d_Pose2d_Factor 235 236 (0.013463, -0.074084, 0.157434) {10,0,0,10,0,10}
Pose2d_Point2d_Factor 236 395 (-0.148418, -2.86617) {2,0,2}
Pose2d_Pose2d_Factor 236 237 (-0.064018, -0.060753, 0.149518) {10,0,0,10,0,10}
Pose2d_Point2d_Factor 237 395 (-0.250463, -2.67734) {2,0,2}
Pose2d_Pose2d_Factor 237 238 (-0.064199, -0.061545, 0.140103) {10,0,0,10,0,10}
Pose2d_Pose2d_Factor 238 239 (-0.069716, -0.067812, 0.101349) {10,0,0,10,0,10}
Pose2d_Pose2d_Factor 239 240 (-0.122108, -0.029127, 0.080709) {10,0,0,10,0,10}
Pose2d_Pose2d_Factor 240 241 (-0.136259, 0.003575, 0.071965) {10,0,0,10,0,10}
Pose2d_Pose2d_Factor 241 242 (-0.152597, 0.01258, 0.060448) {10,0,0,10,0,10}
Pose2d_Pose2d_Factor 242 243 (-0.176165, -0.000879, 0.054739) {10,0,0,10,0,10}
Pose2d_Pose2d_Factor 243 244 (-0.182474, 0.014077, 0.003883) {10,0,0,10,0,10}
Pose2d_Pose2d_Factor 244 245 (-0.202823, 0.044736, 0.035662) {10,0,0,10,0,10}
Pose2d_Pose2d_Factor 245 246 (-0.165029, 0.066824, 0.030133) {10,0,0,10,0,10}
Pose2d_Pose2d_Factor 246 247 (-0.169174, 0.040868, 0.039072) {10,0,0,10,0,10}
Pose2d_Pose2d_Factor 247 248 (-0.160243, 0.071222, 0.045209) {10,0,0,10,0,10}
Pose2d_Pose2d_Factor 248 249 (-0.182392, 0.125909, 0.036564) {10,0,0,10,0,10}
Pose2d_Pose2d_Factor 249 250 (-0.132621, 0.132935, 0.054926) {10,0,0,10,0,10}
Pose2d_Pose2d_Factor 250 251 (-0.083475, 0.135575, 0.077666) {10,0,0,10,0,10}
Pose2d_Pose2d_Factor 251 252 (-0.149696, 0.105359, 0.069442) {10,0,0,10,0,10}
Pose2d_Pose2d_Factor 252 253 (-0.092229, 0.156651, 0.061008) {10,0,0,10,0,10}
Pose2d_Pose2d_Factor 253 254 (-0.064969, 0.1239, 0.058298) {10,0,0,10,0,10}
Pose2d_Pose2d_Factor 254 255 (-0.017177, 0.142104, 0.078235) {10,0,0,10,0,10}
Pose2d_Pose2d_Factor 255 256 (0.018442, 0.154986, 0.101055) {10,0,0,10,0,10}
Pose2d_Pose2d_Factor 256 257 (0.005626, 0.072149, 0.129939) {10,0,0,10,0,10}
Pose2d_Pose2d_Factor 257 258 (0.092525, 0.073756, 0.168304) {10,0,0,10,0,10}
Pose2d_Pose2d_Factor 258 259 (0.07923, 0.101161, 0.192034) {10,0,0,10,0,10}
Pose2d_Pose2d_Factor 259 260 (0.099484, 0.009927, -6.05701) {10,0,0,10,0,10}
Pose2d_Pose2d_Factor 260 261 (0.082368, -0.049015, 0.292155) {10,0,0,10,0,10}
Pose2d_Pose2d_Factor 261 262 (0.055356, -0.030182, 0.274343) {10,0,0,10,0,10}
Pose2d_Pose2d_Factor 262 263 (0.033431, -0.078393, 0.224463) {10,0,0,10,0,10}
Pose2d_Pose2d_Factor 263 264 (0.002662, -0.116783, 0.191052) {10,0,0,10,0,10}
Pose2d_Pose2d_Factor 264 265 (-0.061234, -0.068257, 0.166229) {10,0,0,10,0,10}
Pose2d_Pose2d_Factor 265 266 (-0.08427, -0.066553, 0.137487) {10,0,0,10,0,10}
Pose2d_Pose2d_Factor 266 267 (-0.081103, -0.037641, 0.126507) {10,0,0,10,0,10}
Pose2d_Pose2d_Factor 267 268 (-0.109005, -0.050627, 0.093782) {10,0,0,10,0,10}
Pose2d_Pose2d_Factor 268 269 (-0.124631, 0.025501, 0.123594) {10,0,0,10,0,10}
Pose2d_Pose2d_Factor 269 270 (-0.106331, -0.018667, 0.123579) {10,0,0,10,0,10}
Pose2d_Pose2d_Factor 270 271 (-0.142093, 0.068841, 0.097641) {10,0,0,10,0,10}
Pose2d_Point2d_Factor 271 395 (0.193476, 4.06845) {2,0,2}
Pose2d_Pose2d_Factor 271 272 (-0.112685, 0.110328, 0.082208) {10,0,0,10,0,10}
Pose2d_Point2d_Factor 272 395 (0.740951, 3.93924) {2,0,2}
Pose2d_Pose2d_Factor 272 273 (-0.116748, 0.126773, 0.072797) {10,0,0,10,0,10}
Pose2d_Point2d_Factor 273 395 (1.04656, 3.74818) {2,0,2}
Pose2d_Pose2d_Factor 273 274 (-0.073811, 0.117706, 0.035061) {10,0,0,10,0,10}
Pose2d_Point2d_Factor 274 395 (1.19011, 3.55979) {2,0,2}
Pose2d_Pose2d_Factor 274 275 (-0.092092, 0.11738, 0.031002) {10,0,0,10,0,10}
Pose2d_Point2d_Factor 275 395 (1.50999, 3.47214) {2,0,2}
Pose2d_Pose2d_Factor 275 276 (-0.088544, 0.098778, 0.032449) {10,0,0,10,0,10}
Pose2d_Point2d_Factor 276 395 (1.63777, 3.02357) {2,0,2}
Pose2d_Pose2d_Factor 276 277 (-0.05089, 0.107567, 0.019097) {10,0,0,10,0,10}
Pose2d_Point2d_Factor 277 395 (1.88829, 2.94557) {2,0,2}
Pose2d_Pose2d_Factor 277 278 (-0.069636, 0.085053, 0.035232) {10,0,0,10,0,10}
Pose2d_Point2d_Factor 278 395 (1.90052, 2.75537) {2,0,2}
Pose2d_Pose2d_Factor 278 279 (-0.029371, 0.137819, 0.038956) {10,0,0,10,0,10}
Pose2d_Point2d_Factor 279 395 (1.95283, 2.633) {2,0,2}
Pose2d_Pose2d_Factor 279 280 (-0.017653, 0.122691, 0.021842) {10,0,0,10,0,10}
Pose2d_Point2d_Factor 280 395 (2.13041, 2.50638) {2,0,2}
Pose2d_Pose2d_Factor 280 281 (-0.005652, 0.120297, 0.019331) {10,0,0,10,0,10}
Pose2d_Point2d_Factor 281 395 (2.24062, 2.40209) {2,0,2}
Pose2d_Pose2d_Factor 281 282 (-0.025269, 0.113856, 0.030493) {10,0,0,10,0,10}
Pose2d_Point2d_Factor 282 395 (2.24782, 2.28893) {2,0,2}
Pose2d_Pose2d_Factor 282 283 (0.004535, 0.094696, 0.033647) {10,0,0,10,0,10}
Pose2d_Point2d_Factor 283 395 (2.28783, 2.08717) {2,0,2}
Pose2d_Pose2d_Factor 283 284 (-0.018052, 0.122588, 0.061093) {10,0,0,10,0,10}
Pose2d_Point2d_Factor 284 395 (2.53294, 1.6416) {2,0,2}
Pose2d_Pose2d_Factor 284 285 (0.005974, 0.10634, 0.068284) {10,0,0,10,0,10}
Pose2d_Point2d_Factor 285 395 (2.55987, 1.53485) {2,0,2}
Pose2d_Pose2d_Factor 285 286 (0.043477, 0.103302, 0.064718) {10,0,0,10,0,10}
Pose2d_Point2d_Factor 286 395 (2.7068, 1.17885) {2,0,2}
Pose2d_Pose2d_Factor 286 287 (0.036972, 0.085418, 0.074704) {10,0,0,10,0,10}
Pose2d_Point2d_Factor 287 395 (2.64642, 0.785103) {2,0,2}
Pose2d_Pose2d_Factor 287 288 (0.060668, 0.091814, 0.079275) {10,0,0,10,0,10}
Pose2d_Point2d_Factor 288 395 (2.53074, 0.579374) {2,0,2}
Pose2d_Pose2d_Factor 288 289 (0.039003, 0.05306, 0.055849) {10,0,0,10,0,10}
Pose2d_Point2d_Factor 289 395 (2.71821, 0.373409) {2,0,2}
Pose2d_Pose2d_Factor 289 290 (0.058744, 0.108567, 0.04579) {10,0,0,10,0,10}
Pose2d_Point2d_Factor 290 395 (2.50242, 0.130242) {2,0,2}
Pose2d_Pose2d_Factor 290 291 (0.074739, 0.085561, 0.043351) {10,0,0,10,0,10}
Pose2d_Point2d_Factor 291 395 (2.43349, 0.071066) {2,0,2}
Pose2d_Pose2d_Factor 291 292 (0.112781, 0.046796, 0.045098) {10,0,0,10,0,10}
Pose2d_Point2d_Factor 292 395 (2.5384, -0.105349) {2,0,2}
Pose2d_Pose2d_Factor 292 293 (0.131816, 0.054984, 0.020295) {10,0,0,10,0,10}
Pose2d_Point2d_Factor 293 395 (2.344, -0.088625) {2,0,2}
Pose2d_Pose2d_Factor 293 294 (0.081785, 0.05012, 0.01911) {10,0,0,10,0,10}
Pose2d_Point2d_Factor 294 395 (2.31324, -0.200251) {2,0,2}
Pose2d_Pose2d_Factor 294 295 (0.152088, 0.042037, 0.008547) {10,0,0,10,0,10}
Pose2d_Point2d_Factor 295 395 (1.99562, -0.159648) {2,0,2}
Pose2d_Pose2d_Factor 295 296 (0.138648, 0.057676, 0.00251) {10,0,0,10,0,10}
Pose2d_Point2d_Factor 296 395 (1.97315, -0.387073) {2,0,2}
Pose2d_Pose2d_Factor 296 297 (0.142313, 0.047334, 0.006714) {10,0,0,10,0,10}
Pose2d_Point2d_Factor 297 395 (1.84086, -0.375739) {2,0,2}
Pose2d_Pose2d_Factor 297 298 (0.134356, 0.055377, -0.01931) {10,0,0,10,0,10}
Pose2d_Point2d_Factor 298 395 (1.61398, -0.428508) {2,0,2}
Pose2d_Pose2d_Factor 298 299 (0.133191, 0.050187, -0.015799) {10,0,0,10,0,10}
Pose2d_Point2d_Factor 299 395 (1.4362, -0.395699) {2,0,2}
Pose2d_Pose2d_Factor 299 300 (0.14736, 0.015884, 0.004828) {10,0,0,10,0,10}
Pose2d_Point2d_Factor 300 395 (1.38039, -0.637679) {2,0,2}
Pose2d_Pose2d_Factor 300 301 (0.157833, 0.052974, 0.004649) {10,0,0,10,0,10}
Pose2d_Point2d_Factor 301 395 (1.13074, -0.545906) {2,0,2}
Pose2d_Pose2d_Factor 301 302 (0.123854, 0.035869, 0.01265) {10,0,0,10,0,10}
Pose2d_Point2d_Factor 302 395 (0.897511, -0.554557) {2,0,2}
Pose2d_Pose2d_Factor 302 303 (0.127069, 0.054788, -0.019249) {10,0,0,10,0,10}
Pose2d_Point2d_Factor 303 395 (1.17769, -0.82716) {2,0,2}
Pose2d_Pose2d_Factor 303 304 (0.088849, 0.052497, -0.003132) {10,0,0,10,0,10}
Pose2d_Point2d_Factor 304 395 (0.859131, -0.663417) {2,0,2}
Pose2d_Pose2d_Factor 304 305 (0.124575, 0.069478, 0.026024) {10,0,0,10,0,10}
Pose2d_Pose2d_Factor 305 306 (0.119999, 0.009074, 0.014402) {10,0,0,10,0,10}
Pose2d_Pose2d_Factor 306 307 (0.10604, 0.047178, 0.004795) {10,0,0,10,0,10}
Pose2d_Pose2d_Factor 307 308 (0.070766, -0.007878, 0.027488) {10,0,0,10,0,10}
Pose2d_Pose2d_Factor 308 309 (0.111254, 0.026615, 0.02169) {10,0,0,10,0,10}
Pose2d_Pose2d_Factor 309 310 (0.057249, 0.016838, 0.029926) {10,0,0,10,0,10}
Pose2d_Pose2d_Factor 310 311 (0.044605, -0.020088, 0.038201) {10,0,0,10,0,10}
Pose2d_Pose2d_Factor 311 312 (0.064615, 0.020508, 0.049555) {10,0,0,10,0,10}
Pose2d_Pose2d_Factor 312 313 (0.050075, 0.004631, 0.053932) {10,0,0,10,0,10}
Pose2d_Pose2d_Factor 313 314 (0.035485, -0.039438, 0.039509) {10,0,0,10,0,10}
Pose2d_Pose2d_Factor 314 315 (0.061708, -0.037467, 0.044722) {10,0,0,10,0,10}
Pose2d_Pose2d_Factor 315 316 (0.056877, 0.004659, 0.029958) {10,0,0,10,0,10}
Pose2d_Pose2d_Factor 316 317 (0.061138, -0.029994, 0.025952) {10,0,0,10,0,10}
Pose2d_Pose2d_Factor 317 318 (0.061145, -0.010939, 0.039285) {10,0,0,10,0,10}
Pose2d_Pose2d_Factor 318 319 (0.062064, 0.008597, 0.017668) {10,0,0,10,0,10}
Pose2d_Pose2d_Factor 319 320 (0.03507, -0.042511, -0.004915) {10,0,0,10,0,10}
Pose2d_Pose2d_Factor 320 321 (0.089648, -0.002418, -0.025807) {10,0,0,10,0,10}
Pose2d_Pose2d_Factor 321 322 (0.060349, -0.034966, -0.003574) {10,0,0,10,0,10}
Pose2d_Pose2d_Factor 322 323 (-0.010816, -0.067904, 0.02021) {10,0,0,10,0,10}
Pose2d_Pose2d_Factor 323 324 (0.081243, -0.041508, 0.041611) {10,0,0,10,0,10}
Pose2d_Pose2d_Factor 324 325 (0.054235, -0.043979, 0.047808) {10,0,0,10,0,10}
Pose2d_Pose2d_Factor 325 326 (0.05776, -0.066806, 0.108555) {10,0,0,10,0,10}
Pose2d_Pose2d_Factor 326 327 (0.036498, -0.074093, 0.116748) {10,0,0,10,0,10}
Pose2d_Pose2d_Factor 327 328 (0.013338, -0.035563, 0.125238) {10,0,0,10,0,10}
Pose2d_Pose2d_Factor 328 329 (-0.044487, -0.081678, 0.15744) {10,0,0,10,0,10}
Pose2d_Pose2d_Factor 329 330 (0.015425, -0.032372, 0.167113) {10,0,0,10,0,10}
Pose2d_Pose2d_Factor 330 331 (-0.017894, -0.025658, 0.153368) {10,0,0,10,0,10}
Pose2d_Pose2d_Factor 331 332 (-0.047098, -0.024675, 0.137827) {10,0,0,10,0,10}
Pose2d_Pose2d_Factor 332 333 (-0.043746, -0.0225, 0.10382) {10,0,0,10,0,10}
Pose2d_Pose2d_Factor 333 334 (-0.096707, -0.05598, 0.066541) {10,0,0,10,0,10}
Pose2d_Pose2d_Factor 334 335 (-0.099263, 0.001018, 0.048092) {10,0,0,10,0,10}
Pose2d_Pose2d_Factor 335 336 (-0.096888, 0.012053, 0.039161) {10,0,0,10,0,10}
Pose2d_Pose2d_Factor 336 337 (-0.138658, 0.007881, 0.039073) {10,0,0,10,0,10}
Pose2d_Pose2d_Factor 337 338 (-0.085969, 0.011317, 0.043847) {10,0,0,10,0,10}
Pose2d_Pose2d_Factor 338 339 (-0.093843, 0.006566, 0.029205) {10,0,0,10,0,10}
Pose2d_Pose2d_Factor 339 340 (-0.112812, -0.003749, 0.011252) {10,0,0,10,0,10}
Pose2d_Pose2d_Factor 340 341 (-0.120174, 0.024926, 0.015726) {10,0,0,10,0,10}
Pose2d_Pose2d_Factor 341 342 (-0.101627, 0.054065, -0.010041) {10,0,0,10,0,10}
Pose2d_Pose2d_Factor 342 343 (-0.133817, 0.024635, -0.004121) {10,0,0,10,0,10}
Pose2d_Pose2d_Factor 343 344 (-0.133354, 0.048676, 0.016482) {10,0,0,10,0,10}
Pose2d_Pose2d_Factor 344 345 (-0.142821, 0.049345, 0.03315) {10,0,0,10,0,10}
Pose2d_Pose2d_Factor 345 346 (-0.090949, -0.007673, 0.007731) {10,0,0,10,0,10}
Pose2d_Pose2d_Factor 346 347 (-0.097504, 0.049843, 0.033585) {10,0,0,10,0,10}
Pose2d_Pose2d_Factor 347 348 (-0.140491, 0.070457, 0.036668) {10,0,0,10,0,10}
Pose2d_Pose2d_Factor 348 349 (-0.07967, 0.098462, 0.036844) {10,0,0,10,0,10}
Pose2d_Pose2d_Factor 349 350 (-0.091936, 0.092266, 0.041646) {10,0,0,10,0,10}
Pose2d_Pose2d_Factor 350 351 (-0.083146, 0.087177, 0.054555) {10,0,0,10,0,10}
Pose2d_Pose2d_Factor 351 352 (-0.084836, 0.074154, 0.043677) {10,0,0,10,0,10}
Pose2d_Pose2d_Factor 352 353 (-0.057058, 0.052393, 0.056329) {10,0,0,10,0,10}
Pose2d_Pose2d_Factor 353 354 (-0.038811, 0.090671, 0.039122) {10,0,0,10,0,10}
Pose2d_Pose2d_Factor 354 355 (-0.03398, 0.100632, 0.043046) {10,0,0,10,0,10}
Pose2d_Pose2d_Factor 355 356 (-0.051541, 0.112457, 0.046718) {10,0,0,10,0,10}
Pose2d_Pose2d_Factor 356 357 (-0.035691, 0.11809, 0.038103) {10,0,0,10,0,10}
Pose2d_Pose2d_Factor 357 358 (-0.039495, 0.137507, 0.043438) {10,0,0,10,0,10}
Pose2d_Pose2d_Factor 358 359 (-0.010944, 0.121727, 0.04284) {10,0,0,10,0,10}
Pose2d_Pose2d_Factor 359 360 (-0.011472, 0.128639, 0.023885) {10,0,0,10,0,10}
Pose2d_Pose2d_Factor 360 361 (-0.027182, 0.143273, 0.04691) {10,0,0,10,0,10}
Pose2d_Pose2d_Factor 361 362 (0.012355, 0.149215, 0.023953) {10,0,0,10,0,10}
Pose2d_Pose2d_Factor 362 363 (0.005523, 0.113585, 0.0365) {10,0,0,10,0,10}
Pose2d_Pose2d_Factor 363 364 (-0.008126, 0.178251, 0.003077) {10,0,0,10,0,10}
Pose2d_Pose2d_Factor 364 365 (0.044204, 0.120274, 0.032328) {10,0,0,10,0,10}
Pose2d_Pose2d_Factor 365 366 (0.021375, 0.164918, 0.01149) {10,0,0,10,0,10}
Pose2d_Pose2d_Factor 366 367 (0.025176, 0.154395, 0.016599) {10,0,0,10,0,10}
Pose2d_Pose2d_Factor 367 368 (0.058228, 0.126022, 0.04486) {10,0,0,10,0,10}
Pose2d_Pose2d_Factor 368 369 (0.040951, 0.131056, 0.011268) {10,0,0,10,0,10}
Pose2d_Pose2d_Factor 369 370 (0.075403, 0.110009, 0.021943) {10,0,0,10,0,10}
Pose2d_Pose2d_Factor 370 371 (0.063793, 0.084041, 0.033874) {10,0,0,10,0,10}
Pose2d_Pose2d_Factor 371 372 (0.075771, 0.136081, 0.053022) {10,0,0,10,0,10}
Pose2d_Pose2d_Factor 372 373 (0.033526, 0.085754, 0.056368) {10,0,0,10,0,10}
Pose2d_Pose2d_Factor 373 374 (0.067959, 0.07303, 0.063405) {10,0,0,10,0,10}
Pose2d_Pose2d_Factor 374 375 (0.054764, 0.07714, 0.073591) {10,0,0,10,0,10}
Pose2d_Pose2d_Factor 375 376 (0.079614, 0.083019, 0.058794) {10,0,0,10,0,10}
Pose2d_Pose2d_Factor 376 377 (0.081246, 0.056874, 0.085752) {10,0,0,10,0,10}
Pose2d_Pose2d_Factor 377 378 (0.0934, 0.053578, 0.046131) {10,0,0,10,0,10}
Pose2d_Pose2d_Factor 378 379 (0.116228, -0.014635, 0.050582) {10,0,0,10,0,10}
Pose2d_Pose2d_Factor 379 380 (0.118252, 0.033515, 0.023624) {10,0,0,10,0,10}
Pose2d_Pose2d_Factor 380 381 (0.151765, 0.007681, 0.043837) {10,0,0,10,0,10}
Pose2d_Pose2d_Factor 381 382 (0.132201, 0.0185, -6.24768) {10,0,0,10,0,10}
Pose2d_Pose2d_Factor 382 383 (0.171848, 0.010682, 0.023064) {10,0,0,10,0,10}
Pose2d_Pose2d_Factor 383 384 (0.187093, -0.053316, 0.019314) {10,0,0,10,0,10}
Pose2d_Pose2d_Factor 384 385 (0.181971, -0.010853, 0.006696) {10,0,0,10,0,10}
Pose2d_Pose2d_Factor 385 386 (0.138041, -0.010646, 0.007382) {10,0,0,10,0,10}
Pose2d_Pose2d_Factor 386 387 (0.128238, -0.066744, 0.004775) {10,0,0,10,0,10}
Pose2d_Pose2d_Factor 387 388 (0.089033, -0.010484, 0.008495) {10,0,0,10,0,10}
Pose2d_Pose2d_Factor 388 389 (0.106471, 0.014574, 0.004035) {10,0,0,10,0,10}
Pose2d_Pose2d_Factor 389 390 (0.051343, 0.009528, 0.00132) {10,0,0,10,0,10}
Pose2d_Node 0 (1.125e-19, 2.11083e-19, 0)
Pose2d_Node 1 (-0.021954, -0.014124, -0.001104)
Pose2d_Node 2 (-0.0472637, -0.0393554, 0.00351102)
Pose2d_Node 3 (-0.0732173, -0.148313, 0.00616902)
Pose2d_Node 4 (-0.139741, -0.289707, 0.020178)
Pose2d_Node 5 (-0.207625, -0.509385, 0.033908)
Pose2d_Node 6 (-0.322801, -0.741966, 0.059727)
Pose2d_Node 7 (-0.422262, -0.96694, 0.107109)
Pose2d_Node 8 (-0.551882, -1.2126, 0.148043)
Pose2d_Node 9 (-0.691928, -1.46631, 0.202937)
Pose2d_Node 10 (-0.849121, -1.71654, 0.29305)
Pose2d_Node 11 (-1.02784, -1.93659, 0.39585)
Pose2d_Node 12 (-1.21626, -2.12848, 0.48845)
Pose2d_Node 13 (-1.39222, -2.2657, 0.573673)
Pose2d_Node 14 (-1.55812, -2.37393, 0.679734)
Pose2d_Node 15 (-1.77727, -2.46461, 0.759803)
Pose2d_Node 16 (-1.98506, -2.54365, 0.843536)
Pose2d_Node 17 (-2.18629, -2.61756, 0.894563)
Pose2d_Node 18 (-2.39379, -2.66366, 0.961219)
Pose2d_Node 19 (-2.59989, -2.72076, 1.0139)
Pose2d_Node 20 (-2.81197, -2.72924, 1.04541)
Pose2d_Node 21 (-3.0569, -2.7559, 1.07136)
Pose2d_Node 22 (-3.28305, -2.74368, 1.0942)
Pose2d_Node 23 (-3.45141, -2.72904, 1.12438)
Pose2d_Node 24 (-3.69653, -2.7054, 1.17037)
Pose2d_Node 25 (-3.90925, -2.73853, 1.1873)
Pose2d_Node 26 (-4.11656, -2.72896, 1.22635)
Pose2d_Node 27 (-4.30004, -2.73859, 1.25874)
Pose2d_Node 28 (-4.4736, -2.64131, 1.30284)
Pose2d_Node 29 (-4.64662, -2.58421, 1.37389)
Pose2d_Node 30 (-4.78058, -2.49242, 1.43031)
Pose2d_Node 31 (-4.94249, -2.42904, 1.5146)
Pose2d_Node 32 (-5.06984, -2.38055, 1.578)
Pose2d_Node 33 (-5.19333, -2.30567, 1.63916)
Pose2d_Node 34 (-5.28361, -2.20348, 1.69306)
Pose2d_Node 35 (-5.40158, -2.08422, 1.73027)
Pose2d_Node 36 (-5.49975, -1.9991, 1.75156)
Pose2d_Node 37 (-5.56341, -1.94052, 1.77364)
Pose2d_Node 38 (-5.67207, -1.87035, 1.77784)
Pose2d_Node 39 (-5.80642, -1.81905, 1.75433)
Pose2d_Node 40 (-5.89913, -1.78069, 1.71182)
Pose2d_Node 41 (-5.96031, -1.74303, 1.64481)
Pose2d_Node 42 (-6.03174, -1.72438, 1.61084)
Pose2d_Node 43 (-6.14838, -1.68641, 1.62472)
Pose2d_Node 44 (-6.24534, -1.65339, 1.66508)
Pose2d_Node 45 (-6.31634, -1.58494, 1.73923)
Pose2d_Node 46 (-6.3985, -1.50685, 1.82231)
Pose2d_Node 47 (-6.50555, -1.42156, 1.91285)
Pose2d_Node 48 (-6.59741, -1.32669, 1.99163)
Pose2d_Node 49 (-6.68029, -1.21158, 2.06265)
Pose2d_Node 50 (-6.77537, -1.06912, 2.10962)
Pose2d_Node 51 (-6.88124, -0.886104, 2.15742)
Pose2d_Node 52 (-7.0018, -0.668761, 2.1895)
Pose2d_Node 53 (-7.10246, -0.463413, 2.2036)
Pose2d_Node 54 (-7.21414, -0.221672, 2.19155)
Pose2d_Node 55 (-7.29975, 0.0442353, 2.2007)
Pose2d_Node 56 (-7.43317, 0.334299, 2.20071)
Pose2d_Node 57 (-7.54499, 0.624107, 2.20083)
Pose2d_Node 58 (-7.69173, 0.861569, 2.20394)
Pose2d_Node 59 (-7.84002, 1.13993, 2.17274)
Pose2d_Node 60 (-7.98275, 1.36412, 2.14593)
Pose2d_Node 61 (-8.0721, 1.59245, 2.09712)
Pose2d_Node 62 (-8.24267, 1.77068, 2.05096)
Pose2d_Node 63 (-8.38224, 1.96078, 2.03482)
Pose2d_Node 64 (-8.49761, 2.10419, 2.02582)
Pose2d_Node 65 (-8.58535, 2.23165, 2.03582)
Pose2d_Node 66 (-8.65218, 2.35429, 2.07659)
Pose2d_Node 67 (-8.73514, 2.49607, 2.16746)
Pose2d_Node 68 (-8.79348, 2.61231, 2.31914)
Pose2d_Node 69 (-8.82594, 2.69435, 2.55222)
Pose2d_Node 70 (-8.80428, 2.76955, 2.88603)
Pose2d_Node 71 (-8.75093, 2.82268, -3.05662)
Pose2d_Node 72 (-8.66496, 2.91965, -2.81993)
Pose2d_Node 73 (-8.55854, 2.99264, -2.65366)
Pose2d_Node 74 (-8.47896, 3.07211, -2.53291)
Pose2d_Node 75 (-8.38183, 3.11136, -2.43869)
Pose2d_Node 76 (-8.22259, 3.17688, -2.36169)
Pose2d_Node 77 (-8.08112, 3.22224, -2.29201)
Pose2d_Node 78 (-7.93439, 3.2528, -2.2018)
Pose2d_Node 79 (-7.75529, 3.30525, -2.12112)
Pose2d_Node 80 (-7.6055, 3.32545, -2.03733)
Pose2d_Node 81 (-7.45792, 3.33362, -1.94406)
Pose2d_Node 82 (-7.30279, 3.31685, -1.8616)
Pose2d_Node 83 (-7.14713, 3.32723, -1.80488)
Pose2d_Node 84 (-6.97872, 3.32022, -1.78152)
Pose2d_Node 85 (-6.86651, 3.33154, -1.75949)
Pose2d_Node 86 (-6.75185, 3.32276, -1.77608)
Pose2d_Node 87 (-6.58571, 3.35684, -1.81372)
Pose2d_Node 88 (-6.41447, 3.35238, -1.86231)
Pose2d_Node 89 (-6.23625, 3.38857, -1.93713)
Pose2d_Node 90 (-6.07265, 3.38164, -2.01229)
Pose2d_Node 91 (-5.8746, 3.39723, -2.09419)
Pose2d_Node 92 (-5.68929, 3.42744, -2.15222)
Pose2d_Node 93 (-5.50794, 3.46587, -2.19602)
Pose2d_Node 94 (-5.30687, 3.57291, -2.25198)
Pose2d_Node 95 (-5.13522, 3.64714, -2.29685)
Pose2d_Node 96 (-4.93097, 3.74806, -2.33612)
Pose2d_Node 97 (-4.72648, 3.83527, -2.38274)
Pose2d_Node 98 (-4.53974, 3.9766, -2.4136)
Pose2d_Node 99 (-4.3966, 4.07528, -2.42925)
Pose2d_Node 100 (-4.19003, 4.18499, -2.43838)
Pose2d_Node 101 (-4.0541, 4.28527, -2.4429)
Pose2d_Node 102 (-3.8776, 4.39553, -2.4643)
Pose2d_Node 103 (-3.74926, 4.4801, -2.48248)
Pose2d_Node 104 (-3.61268, 4.61497, -2.5353)
Pose2d_Node 105 (-3.47355, 4.72046, -2.5937)
Pose2d_Node 106 (-3.35378, 4.83415, -2.67008)
Pose2d_Node 107 (-3.24264, 4.95461, -2.78331)
Pose2d_Node 108 (-3.19315, 5.0745, -2.89169)
Pose2d_Node 109 (-3.11034, 5.18494, -3.01032)
Pose2d_Node 110 (-3.07983, 5.32525, -3.14026)
Pose2d_Node 111 (-3.05929, 5.44266, 2.99961)
Pose2d_Node 112 (-3.02624, 5.56645, 2.88519)
Pose2d_Node 113 (-3.0094, 5.7183, 2.84013)
Pose2d_Node 114 (-3.05539, 5.85286, 2.81037)
Pose2d_Node 115 (-3.08264, 5.96454, 2.82902)
Pose2d_Node 116 (-3.09198, 6.09834, 2.87938)
Pose2d_Node 117 (-3.06525, 6.24066, 3.00381)
Pose2d_Node 118 (-2.99795, 6.32253, -3.08656)
Pose2d_Node 119 (-2.9383, 6.3696, -2.79552)
Pose2d_Node 120 (-2.83946, 6.41134, -2.43224)
Pose2d_Node 121 (-2.69769, 6.40947, -2.10836)
Pose2d_Node 122 (-2.56785, 6.41361, -1.9)
Pose2d_Node 123 (-2.42304, 6.38045, -1.76205)
Pose2d_Node 124 (-2.29026, 6.31275, -1.67715)
Pose2d_Node 125 (-2.14514, 6.23897, -1.6188)
Pose2d_Node 126 (-2.01491, 6.16627, -1.56317)
Pose2d_Node 127 (-1.83616, 6.08809, -1.50771)
Pose2d_Node 128 (-1.62262, 5.9762, -1.46375)
Pose2d_Node 129 (-1.43087, 5.85731, -1.43108)
Pose2d_Node 130 (-1.23403, 5.73902, -1.38257)
Pose2d_Node 131 (-1.04306, 5.62837, -1.3227)
Pose2d_Node 132 (-0.892487, 5.49444, -1.27576)
Pose2d_Node 133 (-0.747901, 5.34911, -1.23828)
Pose2d_Node 134 (-0.577111, 5.17121, -1.19332)
Pose2d_Node 135 (-0.4502, 4.98691, -1.15529)
Pose2d_Node 136 (-0.308346, 4.79049, -1.10936)
Pose2d_Node 137 (-0.175573, 4.60971, -1.06523)
Pose2d_Node 138 (-0.0261442, 4.42418, -1.01449)
Pose2d_Node 139 (0.108711, 4.27577, -0.9728)
Pose2d_Node 140 (0.245036, 4.13521, -0.927016)
Pose2d_Node 141 (0.32977, 3.99483, -0.901935)
Pose2d_Node 142 (0.439064, 3.82447, -0.869487)
Pose2d_Node 143 (0.567238, 3.63278, -0.834762)
Pose2d_Node 144 (0.66282, 3.48112, -0.84124)
Pose2d_Node 145 (0.765777, 3.30583, -0.820262)
Pose2d_Node 146 (0.845253, 3.15849, -0.819454)
Pose2d_Node 147 (0.914691, 2.9799, -0.809161)
Pose2d_Node 148 (0.975019, 2.80797, -0.813383)
Pose2d_Node 149 (1.09148, 2.67197, -0.798934)
Pose2d_Node 150 (1.14018, 2.53475, -0.803604)
Pose2d_Node 151 (1.20884, 2.38779, -0.825856)
Pose2d_Node 152 (1.25731, 2.2482, -0.8244)
Pose2d_Node 153 (1.29466, 2.13731, -0.807188)
Pose2d_Node 154 (1.30685, 2.01684, -0.756667)
Pose2d_Node 155 (1.35241, 1.93905, -0.712532)
Pose2d_Node 156 (1.38504, 1.8112, -0.602572)
Pose2d_Node 157 (1.41481, 1.70224, -0.448641)
Pose2d_Node 158 (1.38139, 1.63365, -0.273014)
Pose2d_Node 159 (1.35467, 1.57386, -0.0628648)
Pose2d_Node 160 (1.2989, 1.5126, 0.159209)
Pose2d_Node 161 (1.22733, 1.44125, 0.347244)
Pose2d_Node 162 (1.15272, 1.38818, 0.482929)
Pose2d_Node 163 (1.0654, 1.31447, 0.580456)
Pose2d_Node 164 (0.971407, 1.25279, 0.668353)
Pose2d_Node 165 (0.867053, 1.20455, 0.738786)
Pose2d_Node 166 (0.794074, 1.13621, 0.796003)
Pose2d_Node 167 (0.672242, 1.09239, 0.865114)
Pose2d_Node 168 (0.502824, 1.06779, 0.904023)
Pose2d_Node 169 (0.349755, 1.06502, 0.94789)
Pose2d_Node 170 (0.156449, 1.02725, 1.0065)
Pose2d_Node 171 (0.00393457, 1.00937, 1.07728)
Pose2d_Node 172 (-0.18413, 0.996523, 1.11736)
Pose2d_Node 173 (-0.36957, 0.964324, 1.14961)
Pose2d_Node 174 (-0.52246, 0.991057, 1.1563)
Pose2d_Node 175 (-0.696848, 1.02568, 1.15752)
Pose2d_Node 176 (-0.868811, 1.02785, 1.14528)
Pose2d_Node 177 (-1.07023, 1.00439, 1.13689)
Pose2d_Node 178 (-1.24745, 0.992796, 1.10681)
Pose2d_Node 179 (-1.41652, 0.956596, 1.0692)
Pose2d_Node 180 (-1.5798, 0.900781, 1.00092)
Pose2d_Node 181 (-1.75973, 0.86531, 0.911739)
Pose2d_Node 182 (-1.94058, 0.798668, 0.848254)
Pose2d_Node 183 (-2.09008, 0.698709, 0.784869)
Pose2d_Node 184 (-2.24279, 0.586893, 0.717093)
Pose2d_Node 185 (-2.36458, 0.478064, 0.648543)
Pose2d_Node 186 (-2.51721, 0.377761, 0.596576)
Pose2d_Node 187 (-2.65043, 0.267304, 0.551981)
Pose2d_Node 188 (-2.79961, 0.147458, 0.498559)
Pose2d_Node 189 (-2.94787, -0.0247602, 0.46188)
Pose2d_Node 190 (-3.04096, -0.11735, 0.448975)
Pose2d_Node 191 (-3.13782, -0.253221, 0.421208)
Pose2d_Node 192 (-3.28791, -0.307614, 0.41083)
Pose2d_Node 193 (-3.38863, -0.393826, 0.390731)
Pose2d_Node 194 (-3.4789, -0.494692, 0.371607)
Pose2d_Node 195 (-3.57849, -0.574463, 0.37513)
Pose2d_Node 196 (-3.65408, -0.680976, 0.387187)
Pose2d_Node 197 (-3.768, -0.754067, 0.41422)
Pose2d_Node 198 (-3.8402, -0.804236, 0.438718)
Pose2d_Node 199 (-3.97446, -0.85988, 0.462355)
Pose2d_Node 200 (-4.04717, -0.935908, 0.507329)
Pose2d_Node 201 (-4.13375, -1.0141, 0.529116)
Pose2d_Node 202 (-4.23323, -1.06314, 0.563898)
Pose2d_Node 203 (-4.36097, -1.16651, 0.590066)
Pose2d_Node 204 (-4.46693, -1.25895, 0.613291)
Pose2d_Node 205 (-4.54647, -1.33926, 0.630498)
Pose2d_Node 206 (-4.69329, -1.40932, 0.634522)
Pose2d_Node 207 (-4.79442, -1.50501, 0.644625)
Pose2d_Node 208 (-4.88096, -1.5756, 0.648218)
Pose2d_Node 209 (-4.97496, -1.63831, 0.643255)
Pose2d_Node 210 (-5.09544, -1.69155, 0.634861)
Pose2d_Node 211 (-5.18514, -1.76208, 0.60589)
Pose2d_Node 212 (-5.30738, -1.82578, 0.602637)
Pose2d_Node 213 (-5.42245, -1.87935, 0.614239)
Pose2d_Node 214 (-5.51831, -1.91508, 0.664536)
Pose2d_Node 215 (-5.62675, -1.99645, 0.725374)
Pose2d_Node 216 (-5.71522, -2.01397, 0.852521)
Pose2d_Node 217 (-5.75458, -1.99709, 1.03874)
Pose2d_Node 218 (-5.80745, -2.00481, 1.2567)
Pose2d_Node 219 (-5.831, -1.95312, 1.5021)
Pose2d_Node 220 (-5.86074, -1.91733, 1.73789)
Pose2d_Node 221 (-5.90931, -1.84953, 1.92674)
Pose2d_Node 222 (-5.96299, -1.81946, 2.06879)
Pose2d_Node 223 (-6.03448, -1.76722, 2.17217)
Pose2d_Node 224 (-6.13121, -1.67495, 2.25114)
Pose2d_Node 225 (-6.17645, -1.5516, 2.30893)
Pose2d_Node 226 (-6.23159, -1.42916, 2.34733)
Pose2d_Node 227 (-6.27666, -1.33063, 2.38739)
Pose2d_Node 228 (-6.32871, -1.23203, 2.44403)
Pose2d_Node 229 (-6.34658, -1.10175, 2.48923)
Pose2d_Node 230 (-6.37532, -0.927972, 2.54389)
Pose2d_Node 231 (-6.37432, -0.818081, 2.61015)
Pose2d_Node 232 (-6.4113, -0.73105, 2.70632)
Pose2d_Node 233 (-6.43194, -0.661472, 2.83645)
Pose2d_Node 234 (-6.44096, -0.579482, 2.98115)
Pose2d_Node 235 (-6.4137, -0.497045, 3.14054)
Pose2d_Node 236 (-6.4217, -0.429677, -2.99778)
Pose2d_Node 237 (-6.35928, -0.362305, -2.86828)
Pose2d_Node 238 (-6.31012, -0.288641, -2.73718)
Pose2d_Node 239 (-6.26875, -0.201792, -2.64436)
Pose2d_Node 240 (-6.17137, -0.120871, -2.57158)
Pose2d_Node 241 (-6.05077, -0.0532748, -2.50692)
Pose2d_Node 242 (-5.91648, 0.0241467, -2.45308)
Pose2d_Node 243 (-5.77705, 0.133834, -2.40411)
Pose2d_Node 244 (-5.62857, 0.24319, -2.40512)
Pose2d_Node 245 (-5.4443, 0.343354, -2.37343)
Pose2d_Node 246 (-5.27523, 0.407035, -2.34651)
Pose2d_Node 247 (-5.12364, 0.496269, -2.30986)
Pose2d_Node 248 (-4.95911, 0.563804, -2.26632)
Pose2d_Node 249 (-4.74161, 0.620223, -2.23057)
Pose2d_Node 250 (-4.55134, 0.640603, -2.17581)
Pose2d_Node 251 (-4.38839, 0.629221, -2.09789)
Pose2d_Node 252 (-4.21808, 0.702675, -2.0274)
Pose2d_Node 253 (-4.03286, 0.71346, -1.96476)
Pose2d_Node 254 (-3.88956, 0.722966, -1.90437)
Pose2d_Node 255 (-3.74571, 0.689739, -1.82375)
Pose2d_Node 256 (-3.59632, 0.630167, -1.72012)
Pose2d_Node 257 (-3.52185, 0.610942, -1.58745)
Pose2d_Node 258 (-3.4457, 0.514273, -1.41658)
Pose2d_Node 259 (-3.32961, 0.448593, -1.2219)
Pose2d_Node 260 (-3.28232, 0.355567, -0.993312)
Pose2d_Node 261 (-3.27447, 0.256868, -0.699106)
Pose2d_Node 262 (-3.24757, 0.195214, -0.422877)
Pose2d_Node 263 (-3.24531, 0.107078, -0.196869)
Pose2d_Node 264 (-3.26159, -0.0108998, -0.00478638)
Pose2d_Node 265 (-3.3192, -0.0817917, 0.162025)
Pose2d_Node 266 (-3.38768, -0.163996, 0.299568)
Pose2d_Node 267 (-3.45011, -0.226823, 0.4257)
Pose2d_Node 268 (-3.52453, -0.320875, 0.518518)
Pose2d_Node 269 (-3.64146, -0.363421, 0.640637)
Pose2d_Node 270 (-3.7116, -0.44487, 0.762214)
Pose2d_Node 271 (-3.85797, -0.496123, 0.857222)
Pose2d_Node 272 (-4.01366, -0.51183, 0.942722)
Pose2d_Node 273 (-4.18419, -0.530766, 1.01099)
Pose2d_Node 274 (-4.32484, -0.528233, 1.04469)
Pose2d_Node 275 (-4.47672, -0.547136, 1.08342)
Pose2d_Node 276 (-4.61328, -0.573124, 1.12563)
Pose2d_Node 277 (-4.73576, -0.570793, 1.15084)
Pose2d_Node 278 (-4.8417, -0.59591, 1.17854)
Pose2d_Node 279 (-4.97681, -0.570355, 1.20748)
Pose2d_Node 280 (-5.09424, -0.547942, 1.22699)
Pose2d_Node 281 (-5.20551, -0.517622, 1.24285)
Pose2d_Node 282 (-5.31804, -0.507014, 1.26684)
Pose2d_Node 283 (-5.407, -0.475898, 1.30246)
Pose2d_Node 284 (-5.53266, -0.463344, 1.37403)
Pose2d_Node 285 (-5.63453, -0.437897, 1.44021)
Pose2d_Node 286 (-5.73315, -0.382864, 1.51148)
Pose2d_Node 287 (-5.81825, -0.339181, 1.58996)
Pose2d_Node 288 (-5.90958, -0.279229, 1.66414)
Pose2d_Node 289 (-5.9635, -0.249153, 1.71645)
Pose2d_Node 290 (-6.07618, -0.207482, 1.7545)
Pose2d_Node 291 (-6.16734, -0.153487, 1.78378)
Pose2d_Node 292 (-6.23054, -0.0609288, 1.81775)
Pose2d_Node 293 (-6.30984, 0.0503858, 1.82529)
Pose2d_Node 294 (-6.37546, 0.115178, 1.83741)
Pose2d_Node 295 (-6.45446, 0.25273, 1.84207)
Pose2d_Node 296 (-6.54916, 0.369165, 1.84876)
Pose2d_Node 297 (-6.63464, 0.493925, 1.85702)
Pose2d_Node 298 (-6.72855, 0.610392, 1.8425)
Pose2d_Node 299 (-6.81563, 0.727318, 1.83159)
Pose2d_Node 300 (-6.87431, 0.864043, 1.84392)
Pose2d_Node 301 (-6.96871, 1.00246, 1.8498)
Pose2d_Node 302 (-7.03853, 1.10964, 1.86333)
Pose2d_Node 303 (-7.1297, 1.20634, 1.84281)
Pose2d_Node 304 (-7.20236, 1.27884, 1.83831)
Pose2d_Node 305 (-7.3023, 1.38062, 1.86434)
Pose2d_Node 306 (-7.34571, 1.49286, 1.87874)
Pose2d_Node 307 (-7.42281, 1.57961, 1.88354)
Pose2d_Node 308 (-7.43708, 1.64937, 1.91102)
Pose2d_Node 309 (-7.4993, 1.74537, 1.93271)
Pose2d_Node 310 (-7.53532, 1.79295, 1.96264)
Pose2d_Node 311 (-7.53379, 1.84184, 2.00084)
Pose2d_Node 312 (-7.57937, 1.89202, 2.0504)
Pose2d_Node 313 (-7.60658, 1.93431, 2.10433)
Pose2d_Node 314 (-7.59067, 1.98492, 2.14384)
Pose2d_Node 315 (-7.59265, 2.05709, 2.18856)
Pose2d_Node 316 (-7.62939, 2.10076, 2.21852)
Pose2d_Node 317 (-7.64236, 2.16761, 2.24447)
Pose2d_Node 318 (-7.67195, 2.22222, 2.28375)
Pose2d_Node 319 (-7.71905, 2.26355, 2.30142)
Pose2d_Node 320 (-7.71079, 2.31804, 2.29651)
Pose2d_Node 321 (-7.76848, 2.3867, 2.2707)
Pose2d_Node 322 (-7.78061, 2.45539, 2.26713)
Pose2d_Node 323 (-7.72158, 2.49064, 2.28734)
Pose2d_Node 324 (-7.74363, 2.57917, 2.32895)
Pose2d_Node 325 (-7.74899, 2.64879, 2.37675)
Pose2d_Node 326 (-7.74441, 2.73699, 2.48531)
Pose2d_Node 327 (-7.72811, 2.81796, 2.60206)
Pose2d_Node 328 (-7.72129, 2.85532, 2.7273)
Pose2d_Node 329 (-7.64768, 2.91218, 2.88474)
Pose2d_Node 330 (-7.65438, 2.94741, 3.05185)
Pose2d_Node 331 (-7.63426, 2.97136, -3.07797)
Pose2d_Node 332 (-7.58882, 2.99898, -2.94014)
Pose2d_Node 333 (-7.55046, 3.02978, -2.83632)
Pose2d_Node 334 (-7.47505, 3.11224, -2.76978)
Pose2d_Node 335 (-7.3822, 3.14735, -2.72169)
Pose2d_Node 336 (-7.28881, 3.17585, -2.68253)
Pose2d_Node 337 (-7.16101, 3.23022, -2.64346)
Pose2d_Node 338 (-7.08008, 3.26136, -2.59961)
Pose2d_Node 339 (-6.9963, 3.30414, -2.5704)
Pose2d_Node 340 (-6.90342, 3.36828, -2.55915)
Pose2d_Node 341 (-6.78935, 3.41357, -2.54343)
Pose2d_Node 342 (-6.67492, 3.42612, -2.55347)
Pose2d_Node 343 (-6.54992, 3.47987, -2.55759)
Pose2d_Node 344 (-6.41183, 3.51279, -2.54111)
Pose2d_Node 345 (-6.26611, 3.55277, -2.50796)
Pose2d_Node 346 (-6.19736, 3.61281, -2.50022)
Pose2d_Node 347 (-6.08941, 3.63121, -2.46664)
Pose2d_Node 348 (-5.93569, 3.66398, -2.42997)
Pose2d_Node 349 (-5.81105, 3.64145, -2.39313)
Pose2d_Node 350 (-5.6809, 3.6364, -2.35148)
Pose2d_Node 351 (-5.56045, 3.63412, -2.29693)
Pose2d_Node 352 (-5.44867, 3.64832, -2.25325)
Pose2d_Node 353 (-5.37202, 3.65955, -2.19692)
Pose2d_Node 354 (-5.27581, 3.63787, -2.1578)
Pose2d_Node 355 (-5.1732, 3.61042, -2.11475)
Pose2d_Node 356 (-5.0503, 3.59633, -2.06803)
Pose2d_Node 357 (-4.92948, 3.57137, -2.02993)
Pose2d_Node 358 (-4.78871, 3.54583, -1.98649)
Pose2d_Node 359 (-4.67293, 3.50668, -1.94365)
Pose2d_Node 360 (-4.54895, 3.47051, -1.91977)
Pose2d_Node 361 (-4.40502, 3.44706, -1.87286)
Pose2d_Node 362 (-4.26623, 3.39087, -1.84891)
Pose2d_Node 363 (-4.15852, 3.35438, -1.81241)
Pose2d_Node 364 (-3.9835, 3.31962, -1.80933)
Pose2d_Node 365 (-3.87708, 3.24825, -1.777)
Pose2d_Node 366 (-3.72003, 3.19356, -1.76551)
Pose2d_Node 367 (-3.57342, 3.13898, -1.74891)
Pose2d_Node 368 (-3.45971, 3.05935, -1.70405)
Pose2d_Node 369 (-3.33525, 3.00134, -1.69278)
Pose2d_Node 370 (-3.23524, 2.91311, -1.67084)
Pose2d_Node 371 (-3.15799, 2.84125, -1.63697)
Pose2d_Node 372 (-3.02721, 2.75664, -1.58394)
Pose2d_Node 373 (-2.94191, 2.72199, -1.52758)
Pose2d_Node 374 (-2.86601, 2.65725, -1.46417)
Pose2d_Node 375 (-2.78348, 2.611, -1.39058)
Pose2d_Node 376 (-2.68753, 2.54756, -1.33179)
Pose2d_Node 377 (-2.61304, 2.48209, -1.24603)
Pose2d_Node 378 (-2.53246, 2.41066, -1.1999)
Pose2d_Node 379 (-2.50397, 2.29703, -1.14932)
Pose2d_Node 380 (-2.42501, 2.20284, -1.1257)
Pose2d_Node 381 (-2.35274, 2.06916, -1.08186)
Pose2d_Node 382 (-2.27431, 1.96114, -1.04635)
Pose2d_Node 383 (-2.17901, 1.81774, -1.02329)
Pose2d_Node 384 (-2.12714, 1.63023, -1.00398)
Pose2d_Node 385 (-2.03859, 1.47089, -0.997281)
Pose2d_Node 386 (-1.97263, 1.34916, -0.989899)
Pose2d_Node 387 (-1.95805, 1.20533, -0.985124)
Pose2d_Node 388 (-1.91758, 1.12533, -0.976629)
Pose2d_Node 389 (-1.84589, 1.04527, -0.972594)
Pose2d_Node 390 (-1.80911, 1.00821, -0.971274)
Point2d_Node 391 (-4.86223, -1.33302)
Point2d_Node 392 (-2.02631, -1.34146)
Point2d_Node 393 (-5.39214, -1.37447)
Point2d_Node 394 (-1.23639, -3.29962)
Point2d_Node 395 (-6.7453, 2.30816)
COV 0 0.0001 -5.75319e-23 -8.97613e-21 -5.75319e-23 0.0001 9.18684e-22 -8.97613e-21 9.18684e-22 0.0001
COV 1 0.0101 -3.10078e-08 1.4124e-06 -3.10078e-08 0.0101 -2.1954e-06 1.4124e-06 -2.1954e-06 0.0101
COV 2 0.0199435 -1.86299e-05 -0.000260897 -1.86299e-05 0.0199149 -6.92022e-05 -0.000260897 -6.92022e-05 0.0181897
COV 3 0.0301026 -7.08364e-05 0.00172101 -7.08364e-05 0.0299308 -0.00054129 0.00172101 -0.00054129 0.0281897
COV 4 0.0411528 -0.000527015 0.00570686 -0.000527015 0.0401276 -0.00241658 0.00570686 -0.00241658 0.0381897
COV 5 0.0555031 -0.00201479 0.0140963 -0.00201479 0.0506316 -0.00500903 0.0140963 -0.00500903 0.0481897
COV 6 0.074667 -0.00609425 0.0253043 -0.00609425 0.0624247 -0.0105593 0.0253043 -0.0105593 0.0581897
COV 7 0.0989978 -0.0122887 0.0383955 -0.0122887 0.0751009 -0.016347 0.0383955 -0.016347 0.0681897
COV 8 0.131978 -0.0234527 0.0551472 -0.0234527 0.0904843 -0.0251856 0.0551472 -0.0251856 0.0781897
COV 9 0.174994 -0.0403438 0.0749847 -0.0403438 0.109072 -0.0361358 0.0749847 -0.0361358 0.0881897
COV 10 0.228042 -0.0646419 0.097052 -0.0646419 0.132612 -0.0499986 0.097052 -0.0499986 0.0981897
COV 11 0.285508 -0.0968502 0.118658 -0.0968502 0.163619 -0.0675469 0.118658 -0.0675469 0.10819
COV 12 0.344741 -0.136035 0.139481 -0.136035 0.202774 -0.0874563 0.139481 -0.0874563 0.116407
COV 13 0.394357 -0.175196 0.1555 -0.175196 0.246568 -0.106275 0.1555 -0.106275 0.121348
COV 14 0.438041 -0.214317 0.168678 -0.214317 0.293994 -0.123417 0.168678 -0.123417 0.123383
COV 15 0.477678 -0.264368 0.180048 -0.264368 0.362605 -0.147467 0.180048 -0.147467 0.12597
COV 16 0.51419 -0.314679 0.190432 -0.314679 0.437519 -0.170088 0.190432 -0.170088 0.127072
COV 17 0.549675 -0.366321 0.200446 -0.366321 0.519115 -0.19231 0.200446 -0.19231 0.128664
COV 18 0.574436 -0.416539 0.207213 -0.416539 0.612085 -0.215592 0.207213 -0.215592 0.130309
COV 19 0.604166 -0.471275 0.215501 -0.471275 0.71378 -0.239252 0.215501 -0.239252 0.132957
COV 20 0.612596 -0.51703 0.217912 -0.51703 0.827761 -0.263661 0.217912 -0.263661 0.134422
COV 21 0.628378 -0.575729 0.223291 -0.575729 0.970607 -0.292275 0.223291 -0.292275 0.135115
COV 22 0.627314 -0.619625 0.223388 -0.619625 1.11521 -0.319205 0.223388 -0.319205 0.137573
COV 23 0.624335 -0.649219 0.223871 -0.649219 1.23081 -0.338086 0.223871 -0.338086 0.138883
COV 24 0.617666 -0.692375 0.22321 -0.692375 1.40867 -0.368136 0.22321 -0.368136 0.141101
COV 25 0.636815 -0.750151 0.23072 -0.750151 1.57502 -0.394449 0.23072 -0.394449 0.143614
COV 26 0.636895 -0.791218 0.232496 -0.791218 1.74771 -0.420778 0.232496 -0.420778 0.146432
COV 27 0.646228 -0.835704 0.237312 -0.835704 1.90987 -0.444523 0.237312 -0.444523 0.149454
COV 28 0.606497 -0.829098 0.226346 -0.829098 2.07168 -0.467612 0.226346 -0.467612 0.153124
COV 29 0.586769 -0.838411 0.220914 -0.838411 2.24181 -0.491642 0.220914 -0.491642 0.157739
COV 30 0.553031 -0.819404 0.209845 -0.819404 2.38045 -0.509903 0.209845 -0.509903 0.16236
COV 31 0.532342 -0.818199 0.203344 -0.818199 2.55329 -0.53356 0.203344 -0.53356 0.167461
COV 32 0.518185 -0.81629 0.199216 -0.81629 2.69509 -0.552629 0.199216 -0.552629 0.172987
COV 33 0.494447 -0.797363 0.190255 -0.797363 2.83746 -0.572214 0.190255 -0.572214 0.179135
COV 34 0.462681 -0.754157 0.175609 -0.754157 2.94602 -0.58712 0.175609 -0.58712 0.186084
COV 35 0.429255 -0.702263 0.156336 -0.702263 3.09202 -0.6084 0.156336 -0.6084 0.194063
COV 36 0.411324 -0.664307 0.141554 -0.664307 3.22019 -0.627263 0.141554 -0.627263 0.203018
COV 37 0.405436 -0.635814 0.12966 -0.635814 3.31088 -0.640187 0.12966 -0.640187 0.213018
COV 38 0.398289 -0.603361 0.114714 -0.603361 3.46251 -0.663333 0.114714 -0.663333 0.223018
COV 39 0.397106 -0.583203 0.103272 -0.583203 3.65478 -0.693296 0.103272 -0.693296 0.233018
COV 40 0.399527 -0.565358 0.0943345 -0.565358 3.79533 -0.714899 0.0943345 -0.714899 0.243018
COV 41 0.402764 -0.54364 0.0851805 -0.54364 3.89371 -0.729765 0.0851805 -0.729765 0.253018
COV 42 0.409676 -0.535782 0.0804631 -0.535782 4.00927 -0.74784 0.0804631 -0.74784 0.263018
COV 43 0.413945 -0.515606 0.0704761 -0.515606 4.1973 -0.778519 0.0704761 -0.778519 0.273018
COV 44 0.419588 -0.495856 0.0614602 -0.495856 4.36084 -0.80499 0.0614602 -0.80499 0.283018
COV 45 0.422317 -0.443735 0.0428003 -0.443735 4.48625 -0.824999 0.0428003 -0.824999 0.290215
COV 46 0.426951 -0.380934 0.0217445 -0.380934 4.63269 -0.848562 0.0217445 -0.848562 0.294366
COV 47 0.434725 -0.308188 -0.00113863 -0.308188 4.82571 -0.8796 -0.00113863 -0.8796 0.296806
COV 48 0.446796 -0.222058 -0.0266708 -0.222058 4.99683 -0.90632 -0.0266708 -0.90632 0.298412
COV 49 0.465926 -0.11272 -0.0580844 -0.11272 5.15523 -0.930492 -0.0580844 -0.930492 0.299647
COV 50 0.497423 0.0292785 -0.0975392 0.0292785 5.34023 -0.958413 -0.0975392 -0.958413 0.300755
COV 51 0.55183 0.220537 -0.149013 0.220537 5.55131 -0.989713 -0.149013 -0.989713 0.301906
COV 52 0.63921 0.461031 -0.210736 0.461031 5.79873 -1.02565 -0.210736 -1.02565 0.303246
COV 53 0.746661 0.698481 -0.268942 0.698481 6.01264 -1.05588 -0.268942 -1.05588 0.304842
COV 54 0.90235 0.991212 -0.338492 0.991212 6.25698 -1.08982 -0.338492 -1.08982 0.307075
COV 55 1.11185 1.31617 -0.416381 1.31617 6.45142 -1.11616 -0.416381 -1.11616 0.310743
COV 56 1.38568 1.70639 -0.500879 1.70639 6.75932 -1.15811 -0.500879 -1.15811 0.312419
COV 57 1.70874 2.10731 -0.587009 2.10731 7.0286 -1.19364 -0.587009 -1.19364 0.316569
COV 58 2.01324 2.4876 -0.659677 2.4876 7.39477 -1.24024 -0.659677 -1.24024 0.323515
COV 59 2.41239 2.94362 -0.746526 2.94362 7.7786 -1.28855 -0.746526 -1.28855 0.329953
COV 60 2.76948 3.34914 -0.816779 3.34914 8.16194 -1.33621 -0.816779 -1.33621 0.336043
COV 61 3.16463 3.73359 -0.889471 3.73359 8.41204 -1.36716 -0.889471 -1.36716 0.34204
COV 62 3.49612 4.13875 -0.946181 4.13875 8.89706 -1.42669 -0.946181 -1.42669 0.347766
COV 63 3.87085 4.55053 -1.00799 4.55053 9.31074 -1.47679 -1.00799 -1.47679 0.353295
COV 64 4.16866 4.8837 -1.05436 4.8837 9.66491 -1.51952 -1.05436 -1.51952 0.358447
COV 65 4.44375 5.17314 -1.09584 5.17314 9.943 -1.55339 -1.09584 -1.55339 0.363153
COV 66 4.71754 5.43915 -1.13632 5.43915 10.1609 -1.58058 -1.13632 -1.58058 0.367381
COV 67 5.04564 5.76121 -1.18461 5.76121 10.4344 -1.6145 -1.18461 -1.6145 0.371068
COV 68 5.32367 6.02001 -1.22424 6.02001 10.6328 -1.64012 -1.22424 -1.64012 0.374087
COV 69 5.5239 6.19492 -1.2517 6.19492 10.7483 -1.65676 -1.2517 -1.65676 0.376316
COV 70 5.71042 6.29167 -1.27717 6.29167 10.685 -1.65381 -1.27717 -1.65381 0.377933
COV 71 5.84268 6.31044 -1.29484 6.31044 10.5174 -1.63958 -1.29484 -1.63958 0.379029
COV 72 6.09206 6.3555 -1.32988 6.3555 10.2454 -1.61382 -1.32988 -1.61382 0.379986
COV 73 6.28228 6.32981 -1.35667 6.32981 9.91248 -1.58105 -1.35667 -1.58105 0.380902
COV 74 6.49368 6.34645 -1.38678 6.34645 9.66875 -1.55912 -1.38678 -1.55912 0.381681
COV 75 6.59594 6.27314 -1.40235 6.27314 9.37411 -1.53107 -1.40235 -1.53107 0.382371
COV 76 6.77355 6.14823 -1.42911 6.14823 8.89945 -1.47985 -1.42911 -1.47985 0.38355
COV 77 6.90144 6.01311 -1.44772 6.01311 8.49327 -1.43201 -1.44772 -1.43201 0.388033
COV 78 6.98699 5.84538 -1.46186 5.84538 8.08483 -1.38217 -1.46186 -1.38217 0.392008
COV 79 7.13735 5.65533 -1.48604 5.65533 7.60405 -1.31953 -1.48604 -1.31953 0.395917
COV 80 7.19724 5.46068 -1.49727 5.46068 7.22062 -1.26566 -1.49727 -1.26566 0.401506
COV 81 7.22482 5.25135 -1.50322 5.25135 6.86033 -1.20998 -1.50322 -1.20998 0.408395
COV 82 7.17679 5.00065 -1.50002 5.00065 6.49789 -1.15044 -1.50002 -1.15044 0.414821
COV 83 7.21376 4.77927 -1.5067 4.77927 6.15559 -1.08777 -1.5067 -1.08777 0.422825
COV 84 7.20256 4.51841 -1.5038 4.51841 5.81117 -1.01658 -1.5038 -1.01658 0.43278
COV 85 7.24653 4.36063 -1.50879 4.36063 5.59844 -0.968038 -1.50879 -0.968038 0.442718
COV 86 7.22995 4.17957 -1.50501 4.17957 5.39222 -0.917299 -1.50501 -0.917299 0.452641
COV 87 7.34289 3.9582 -1.52056 3.9582 5.10984 -0.842121 -1.52056 -0.842121 0.462547
COV 88 7.33918 3.6944 -1.51865 3.6944 4.84493 -0.762945 -1.51865 -0.762945 0.472438
COV 89 7.45953 3.44826 -1.53591 3.44826 4.59791 -0.678775 -1.53591 -0.678775 0.482309
COV 90 7.44806 3.19279 -1.53274 3.19279 4.39864 -0.599907 -1.53274 -0.599907 0.492162
COV 91 7.50577 2.897 -1.54062 2.897 4.19022 -0.50247 -1.54062 -0.50247 0.501994
COV 92 7.60908 2.62379 -1.556 2.62379 4.03113 -0.409486 -1.556 -0.409486 0.511797
COV 93 7.7392 2.35369 -1.57591 2.35369 3.90933 -0.316724 -1.57591 -0.316724 0.521567
COV 94 8.0923 2.05936 -1.632 2.05936 3.81293 -0.211917 -1.632 -0.211917 0.53128
COV 95 8.34729 1.78806 -1.67171 1.78806 3.76571 -0.120814 -1.67171 -0.120814 0.540936
COV 96 8.7 1.44747 -1.72659 1.44747 3.7488 -0.0104448 -1.72659 -0.0104448 0.550517
COV 97 9.01512 1.08529 -1.77491 1.08529 3.77742 0.101969 -1.77491 0.101969 0.560014
COV 98 9.53782 0.724422 -1.85436 0.724422 3.84491 0.206325 -1.85436 0.206325 0.569397
COV 99 9.91917 0.430328 -1.91086 0.430328 3.92552 0.287556 -1.91086 0.287556 0.578667
COV 100 10.3553 -0.00936095 -1.97464 -0.00936095 4.0789 0.406733 -1.97464 0.406733 0.587802
COV 101 10.7671 -0.326896 -2.03387 -0.326896 4.21022 0.4862 -2.03387 0.4862 0.596792
COV 102 11.2327 -0.751457 -2.09994 -0.751457 4.41033 0.59099 -2.09994 0.59099 0.605614
COV 103 11.6021 -1.07793 -2.1514 -1.07793 4.58191 0.668085 -2.1514 0.668085 0.614268
COV 104 12.2037 -1.47365 -2.23444 -1.47365 4.78578 0.751223 -2.23444 0.751223 0.622711
COV 105 12.692 -1.8734 -2.30026 -1.8734 5.0168 0.836959 -2.30026 0.836959 0.630938
COV 106 13.2332 -2.25317 -2.37205 -2.25317 5.23627 0.911477 -2.37205 0.911477 0.638928
COV 107 13.8241 -2.63575 -2.44898 -2.63575 5.45672 0.981286 -2.44898 0.981286 0.646657
COV 108 14.4308 -2.87903 -2.52635 -2.87903 5.56539 1.01198 -2.52635 1.01198 0.654117
COV 109 15.007 -3.20663 -2.59832 -3.20663 5.74744 1.06468 -2.59832 1.06468 0.661289
COV 110 15.7595 -3.43879 -2.69065 -3.43879 5.82299 1.08329 -2.69065 1.08329 0.668142
COV 111 16.4109 -3.62357 -2.76847 -3.62357 5.87775 1.09537 -2.76847 1.09537 0.674675
COV 112 17.1171 -3.85415 -2.85116 -3.85415 5.96086 1.1159 -2.85116 1.1159 0.680861
COV 113 18.0093 -4.07412 -2.95343 -4.07412 6.00861 1.12549 -2.95343 1.12549 0.686655
COV 114 18.8273 -4.08622 -3.04443 -4.08622 5.91648 1.09208 -3.04443 1.09208 0.692068
COV 115 19.5267 -4.12389 -3.12008 -4.12389 5.86741 1.07141 -3.12008 1.07141 0.697098
COV 116 20.3851 -4.23801 -3.21138 -4.23801 5.85738 1.06304 -3.21138 1.06304 0.701695
COV 117 21.3244 -4.47864 -3.30884 -4.47864 5.92465 1.07981 -3.30884 1.07981 0.705811
COV 118 21.8821 -4.7945 -3.36399 -4.7945 6.08314 1.12509 -3.36399 1.12509 0.709477
COV 119 22.2116 -5.05104 -3.39461 -5.05104 6.22986 1.16498 -3.39461 1.16498 0.712723
COV 120 22.5074 -5.4391 -3.42146 -5.4391 6.4771 1.23264 -3.42146 1.23264 0.715526
COV 121 22.5059 -5.92278 -3.41725 -5.92278 6.85105 1.3308 -3.41725 1.3308 0.717919
COV 122 22.5454 -6.37356 -3.41737 -6.37356 7.21884 1.42022 -3.41737 1.42022 0.719887
COV 123 22.3306 -6.81916 -3.39083 -6.81916 7.65542 1.52013 -3.39083 1.52013 0.721476
COV 124 21.8858 -7.16141 -3.33968 -7.16141 8.08207 1.61111 -3.33968 1.61111 0.722746
COV 125 21.4078 -7.52092 -3.28444 -7.52092 8.57518 1.71062 -3.28444 1.71062 0.723705
COV 126 20.9448 -7.81904 -3.2303 -7.81904 9.04338 1.79899 -3.2303 1.79899 0.724363
COV 127 20.4547 -8.24741 -3.17258 -8.24741 9.72011 1.92185 -3.17258 1.92185 0.724707
COV 128 19.7642 -8.69441 -3.09099 -8.69441 10.5845 2.06908 -3.09099 2.06908 0.724782
COV 129 19.0496 -9.02664 -3.00496 -9.02664 11.4153 2.19977 -3.00496 2.19977 0.724617
COV 130 18.3586 -9.34324 -2.92003 -9.34324 12.3202 2.33329 -2.92003 2.33329 0.724212
COV 131 17.7309 -9.62976 -2.8413 -9.62976 13.2487 2.46166 -2.8413 2.46166 0.723559
COV 132 16.9921 -9.71574 -2.74651 -9.71574 14.0175 2.56015 -2.74651 2.56015 0.722736
COV 133 16.2181 -9.72816 -2.64439 -9.72816 14.784 2.65372 -2.64439 2.65372 0.721779
COV 134 15.3087 -9.68845 -2.51982 -9.68845 15.7228 2.76554 -2.51982 2.76554 0.720746
COV 135 14.4125 -9.48444 -2.39176 -9.48444 16.4477 2.84534 -2.39176 2.84534 0.719695
COV 136 13.5084 -9.24762 -2.25612 -9.24762 17.2808 2.9355 -2.25612 2.9355 0.718651
COV 137 12.7234 -9.00215 -2.13277 -9.00215 18.0846 3.01877 -2.13277 3.01877 0.717593
COV 138 11.9636 -8.74387 -2.00705 -8.74387 19.0145 3.11355 -2.00705 3.11355 0.716522
COV 139 11.3901 -8.5412 -1.9088 -8.5412 19.879 3.19742 -1.9088 3.19742 0.715365
COV 140 10.8737 -8.34146 -1.81695 -8.34146 20.776 3.28185 -1.81695 3.28185 0.714097
COV 141 10.3834 -8.02943 -1.726 -8.02943 21.3493 3.32928 -1.726 3.32928 0.712769
COV 142 9.82131 -7.64091 -1.61455 -7.64091 22.0977 3.39407 -1.61455 3.39407 0.711427
COV 143 9.23327 -7.18305 -1.48888 -7.18305 22.9917 3.4721 -1.48888 3.4721 0.710101
COV 144 8.80243 -6.79184 -1.39244 -6.79184 23.6743 3.52684 -1.39244 3.52684 0.708723
COV 145 8.34005 -6.3076 -1.28008 -6.3076 24.4205 3.58677 -1.28008 3.58677 0.707339
COV 146 7.98178 -5.87596 -1.18819 -5.87596 25.0076 3.63009 -1.18819 3.63009 0.705901
COV 147 7.58301 -5.30476 -1.07497 -5.30476 25.5278 3.66658 -1.07497 3.66658 0.704495
COV 148 7.23686 -4.73523 -0.967148 -4.73523 25.9855 3.69696 -0.967148 3.69696 0.703109
COV 149 6.98912 -4.33733 -0.885256 -4.33733 26.869 3.76659 -0.885256 3.76659 0.701571
COV 150 6.76133 -3.86227 -0.803044 -3.86227 27.2504 3.78885 -0.803044 3.78885 0.699963
COV 151 6.54199 -3.35689 -0.714591 -3.35689 27.787 3.82526 -0.714591 3.82526 0.698275
COV 152 6.35729 -2.85611 -0.631816 -2.85611 28.1726 3.84785 -0.631816 3.84785 0.696507
COV 153 6.22663 -2.45339 -0.5695 -2.45339 28.4741 3.86293 -0.5695 3.86293 0.694595
COV 154 6.10008 -1.99716 -0.500923 -1.99716 28.5815 3.86102 -0.500923 3.86102 0.692595
COV 155 6.02671 -1.72036 -0.462319 -1.72036 28.948 3.8823 -0.462319 3.8823 0.690341
COV 156 5.91982 -1.23932 -0.389543 -1.23932 29.2153 3.895 -0.389543 3.895 0.687969
COV 157 5.84285 -0.827352 -0.330242 -0.827352 29.4612 3.90604 -0.330242 3.90604 0.685428
COV 158 5.80034 -0.552929 -0.298878 -0.552929 29.214 3.87434 -0.298878 3.87434 0.682723
COV 159 5.76645 -0.317264 -0.273698 -0.317264 29.0207 3.8479 -0.273698 3.8479 0.679822
COV 160 5.7347 -0.0713315 -0.247612 -0.0713315 28.6066 3.80257 -0.247612 3.80257 0.676784
COV 161 5.70187 0.211633 -0.214781 0.211633 28.0788 3.74772 -0.214781 3.74772 0.673666
COV 162 5.67988 0.421445 -0.194336 0.421445 27.536 3.69193 -0.194336 3.69193 0.670438
COV 163 5.65359 0.703919 -0.160072 0.703919 26.9091 3.62897 -0.160072 3.62897 0.667179
COV 164 5.63494 0.936813 -0.133867 0.936813 26.2451 3.56292 -0.133867 3.56292 0.663883
COV 165 5.622 1.11737 -0.116537 1.11737 25.521 3.49138 -0.116537 3.49138 0.660548
COV 166 5.60742 1.35939 -0.0859302 1.35939 25.0269 3.44184 -0.0859302 3.44184 0.657164
COV 167 5.59929 1.51559 -0.0713404 1.51559 24.2098 3.3616 -0.0713404 3.3616 0.653787
COV 168 5.59425 1.60623 -0.0690014 1.60623 23.1009 3.25207 -0.0690014 3.25207 0.650492
COV 169 5.59192 1.62432 -0.0804857 1.62432 22.1316 3.1549 -0.0804857 3.1549 0.647215
COV 170 5.58471 1.75332 -0.0687921 1.75332 20.9466 3.03373 -0.0687921 3.03373 0.644143
COV 171 5.58035 1.81553 -0.0695705 1.81553 20.0465 2.94056 -0.0695705 2.94056 0.641157
COV 172 5.57651 1.86426 -0.0730772 1.86426 18.9729 2.82635 -0.0730772 2.82635 0.638349
COV 173 5.57023 1.96467 -0.0637154 1.96467 17.956 2.71562 -0.0637154 2.71562 0.635772
COV 174 5.57189 1.9042 -0.0914344 1.9042 17.1494 2.62692 -0.0914344 2.62692 0.633245
COV 175 5.57684 1.83294 -0.123555 1.83294 16.261 2.52589 -0.123555 2.52589 0.630823
COV 176 5.57522 1.84901 -0.134618 1.84901 15.419 2.42777 -0.134618 2.42777 0.628586
COV 177 5.56703 1.93044 -0.12896 1.93044 14.4741 2.3126 -0.12896 2.3126 0.626679
COV 178 5.56186 1.97932 -0.130257 1.97932 13.6812 2.21385 -0.130257 2.21385 0.625032
COV 179 5.5509 2.07837 -0.115665 2.07837 12.9571 2.12131 -0.115665 2.12131 0.623689
COV 180 5.53746 2.21091 -0.088348 2.21091 12.2873 2.03338 -0.088348 2.03338 0.622682
COV 181 5.52942 2.29612 -0.073159 2.29612 11.5815 1.93596 -0.073159 1.93596 0.622029
COV 182 5.51974 2.43228 -0.0379493 2.43228 10.9068 1.83877 -0.0379493 1.83877 0.621803
COV 183 5.51547 2.61415 0.0186047 2.61415 10.3758 1.76168 0.0186047 1.76168 0.621986
COV 184 5.52429 2.79964 0.0832812 2.79964 9.85662 1.68308 0.0832812 1.68308 0.622611
COV 185 5.54647 2.96664 0.146842 2.96664 9.45997 1.62403 0.146842 1.62403 0.623588
COV 186 5.5787 3.10008 0.206009 3.10008 8.9824 1.54598 0.206009 1.54598 0.624987
COV 187 5.62812 3.23697 0.272489 3.23697 8.58485 1.48012 0.272489 1.48012 0.626771
COV 188 5.69851 3.36556 0.346023 3.36556 8.15999 1.40423 0.346023 1.40423 0.628998
COV 189 5.83212 3.54347 0.453986 3.54347 7.75984 1.32879 0.453986 1.32879 0.631744
COV 190 5.91722 3.62243 0.512894 3.62243 7.52006 1.28786 0.512894 1.28786 0.634714
COV 191 6.06371 3.74328 0.600545 3.74328 7.27834 1.24432 0.600545 1.24432 0.637978
COV 192 6.12622 3.71971 0.63762 3.71971 6.92058 1.16643 0.63762 1.16643 0.641565
COV 193 6.23609 3.75478 0.696194 3.75478 6.69323 1.11962 0.696194 1.11962 0.645374
COV 194 6.3781 3.80349 0.765488 3.80349 6.49715 1.0791 0.765488 1.0791 0.649385
COV 195 6.49924 3.81286 0.822403 3.81286 6.28916 1.03204 0.822403 1.03204 0.653591
COV 196 6.67657 3.86026 0.898077 3.86026 6.13713 1.00016 0.898077 1.00016 0.657945
COV 197 6.80598 3.83066 0.95324 3.83066 5.91772 0.942535 0.95324 0.942535 0.662513
COV 198 6.89784 3.81192 0.994244 3.81192 5.78476 0.91188 0.994244 0.91188 0.667135
COV 199 7.00501 3.72954 1.04021 3.72954 5.5512 0.839162 1.04021 0.839162 0.672005
COV 200 7.16143 3.7195 1.101 3.7195 5.43175 0.80697 1.101 0.80697 0.67695
COV 201 7.33201 3.68837 1.16459 3.68837 5.29586 0.764793 1.16459 0.764793 0.682005
COV 202 7.4421 3.6125 1.20961 3.6125 5.14889 0.713071 1.20961 0.713071 0.687176
COV 203 7.6936 3.52864 1.2936 3.52864 4.97597 0.640984 1.2936 0.640984 0.692594
COV 204 7.93269 3.45023 1.37181 3.45023 4.8456 0.582887 1.37181 0.582887 0.698168
COV 205 8.15145 3.38983 1.44309 3.38983 4.75473 0.542338 1.44309 0.542338 0.703792
COV 206 8.35099 3.21525 1.50902 3.21525 4.60762 0.453371 1.50902 0.453371 0.709666
COV 207 8.64005 3.10587 1.59483 3.10587 4.51981 0.3955 1.59483 0.3955 0.715647
COV 208 8.86252 2.99825 1.66433 2.99825 4.45306 0.347048 1.66433 0.347048 0.721662
COV 209 9.06776 2.86628 1.72965 2.86628 4.39023 0.29223 1.72965 0.29223 0.72772
COV 210 9.24766 2.67587 1.78968 2.67587 4.32602 0.216954 1.78968 0.216954 0.733896
COV 211 9.49736 2.53321 1.86385 2.53321 4.28835 0.163034 1.86385 0.163034 0.740086
COV 212 9.73138 2.31733 1.93473 2.31733 4.25448 0.0837926 1.93473 0.0837926 0.746385
COV 213 9.93432 2.10201 1.99967 2.10201 4.23964 0.00845312 1.99967 0.00845312 0.752758
COV 214 10.0717 1.91556 2.05253 1.91556 4.23916 -0.0537226 2.05253 -0.0537226 0.759131
COV 215 10.4043 1.68953 2.14164 1.68953 4.25361 -0.126758 2.14164 -0.126758 0.765542
COV 216 10.473 1.50432 2.18322 1.50432 4.2756 -0.185751 2.18322 -0.185751 0.771913
COV 217 10.393 1.42968 2.19862 1.42968 4.28484 -0.207631 2.19862 -0.207631 0.778087
COV 218 10.4204 1.31915 2.23357 1.31915 4.30222 -0.240606 2.23357 -0.240606 0.784106
COV 219 10.185 1.28749 2.2219 1.28749 4.30716 -0.251033 2.2219 -0.251033 0.78989
COV 220 10.0204 1.23872 2.22256 1.23872 4.31584 -0.26665 2.22256 -0.26665 0.795466
COV 221 9.716 1.15884 2.19757 1.15884 4.33651 -0.297687 2.19757 -0.297687 0.80092
COV 222 9.57787 1.05841 2.20269 1.05841 4.36348 -0.333405 2.20269 -0.333405 0.806267
COV 223 9.34316 0.928555 2.19002 0.928555 4.40773 -0.384207 2.19002 -0.384207 0.811586
COV 224 8.93914 0.766427 2.14478 0.766427 4.48177 -0.456467 2.14478 -0.456467 0.817002
COV 225 8.41554 0.737035 2.07324 0.737035 4.51672 -0.48746 2.07324 -0.48746 0.822385
COV 226 7.92291 0.693968 1.98362 0.693968 4.56836 -0.529849 1.98362 -0.529849 0.828562
COV 227 7.54239 0.666337 1.91433 0.666337 4.61245 -0.564236 1.91433 -0.564236 0.830847
COV 228 7.17837 0.631555 1.83964 0.631555 4.67003 -0.605524 1.83964 -0.605524 0.833344
COV 229 6.72001 0.683599 1.73616 0.683599 4.68993 -0.61893 1.73616 -0.61893 0.835261
COV 230 6.14925 0.748753 1.59531 0.748753 4.72516 -0.641734 1.59531 -0.641734 0.836905
COV 231 5.81657 0.82356 1.50717 0.82356 4.72359 -0.639854 1.50717 -0.639854 0.838326
COV 232 5.56867 0.828498 1.43786 0.828498 4.77236 -0.669968 1.43786 -0.669968 0.839667
COV 233 5.3809 0.848537 1.38297 0.848537 4.80131 -0.686568 1.38297 -0.686568 0.840952
COV 234 5.16809 0.894529 1.31756 0.894529 4.81545 -0.693576 1.31756 -0.693576 0.842288
COV 235 4.96493 0.987016 1.25162 0.987016 4.78098 -0.670191 1.25162 -0.670191 0.843795
COV 236 4.80856 1.0236 1.19813 1.0236 4.79586 -0.676716 1.19813 -0.676716 0.845802
COV 237 4.65965 1.14122 1.14395 1.14122 4.72083 -0.624128 1.14395 -0.624128 0.84929
COV 238 4.50514 1.24094 1.08247 1.24094 4.6707 -0.583424 1.08247 -0.583424 0.857283
COV 239 4.33271 1.33406 1.00963 1.33406 4.6329 -0.549258 1.00963 -0.549258 0.864341
COV 240 4.18378 1.47101 0.941786 1.47101 4.54289 -0.466677 0.941786 -0.466677 0.870657
COV 241 4.0689 1.61031 0.885474 1.61031 4.45148 -0.363586 0.885474 -0.363586 0.876398
COV 242 3.94513 1.74987 0.820569 1.74987 4.3778 -0.248097 0.820569 -0.248097 0.881756
COV 243 3.78332 1.88001 0.727184 1.88001 4.33358 -0.127573 0.727184 -0.127573 0.886987
COV 244 3.64194 1.98996 0.633808 1.98996 4.32269 0.0015726 0.633808 0.0015726 0.892262
COV 245 3.53045 2.09306 0.548207 2.09306 4.36055 0.163358 0.548207 0.163358 0.897742
COV 246 3.47036 2.1691 0.494865 2.1691 4.448 0.312507 0.494865 0.312507 0.903364
COV 247 3.3948 2.20792 0.41808 2.20792 4.56965 0.446985 0.41808 0.446985 0.909246
COV 248 3.34758 2.24082 0.3604 2.24082 4.74707 0.594349 0.3604 0.594349 0.915358
COV 249 3.3145 2.27946 0.312234 2.27946 5.0541 0.791531 0.312234 0.791531 0.921742
COV 250 3.30654 2.32471 0.296683 2.32471 5.39346 0.965333 0.296683 0.965333 0.928165
COV 251 3.31765 2.39177 0.310281 2.39177 5.73705 1.11521 0.310281 1.11521 0.934396
COV 252 3.28083 2.35755 0.244328 2.35755 6.14803 1.27367 0.244328 1.27367 0.940729
COV 253 3.27914 2.39425 0.236509 2.39425 6.65576 1.44769 0.236509 1.44769 0.94683
COV 254 3.27797 2.42058 0.229527 2.42058 7.09347 1.58359 0.229527 1.58359 0.952547
COV 255 3.29744 2.51867 0.26291 2.51867 7.57188 1.72104 0.26291 1.72104 0.957608
COV 256 3.33537 2.67731 0.321384 2.67731 8.11035 1.86453 0.321384 1.86453 0.961807
COV 257 3.35117 2.74706 0.341097 2.74706 8.39608 1.93676 0.341097 1.93676 0.965204
COV 258 3.42941 2.97625 0.435391 2.97625 8.69926 2.01051 0.435391 2.01051 0.967438
COV 259 3.49411 3.17546 0.499562 3.17546 9.18153 2.12283 0.499562 2.12283 0.968559
COV 260 3.59892 3.41031 0.590004 3.41031 9.38683 2.16822 0.590004 2.16822 0.968439
COV 261 3.72848 3.63936 0.685666 3.63936 9.42314 2.17494 0.685666 2.17494 0.967073
COV 262 3.8204 3.80339 0.745112 3.80339 9.54293 2.19983 0.745112 2.19983 0.964578
COV 263 3.96306 4.00923 0.829635 4.00923 9.55485 2.20048 0.829635 2.20048 0.960874
COV 264 4.17627 4.26375 0.942077 4.26375 9.48521 2.18271 0.942077 2.18271 0.955879
COV 265 4.31879 4.37066 1.00879 4.37066 9.2384 2.12541 1.00879 2.12541 0.949863
COV 266 4.49533 4.48138 1.08564 4.48138 8.95298 2.058 1.08564 2.058 0.942832
COV 267 4.63977 4.5497 1.14356 4.5497 8.7006 1.99676 1.14356 1.99676 0.934869
COV 268 4.86764 4.65644 1.22992 4.65644 8.40918 1.92463 1.22992 1.92463 0.92589
COV 269 4.97844 4.60042 1.268 4.60042 7.97186 1.8142 1.268 1.8142 0.916232
COV 270 5.19569 4.66463 1.34112 4.66463 7.72167 1.74769 1.34112 1.74769 0.905613
COV 271 5.34019 4.5616 1.38637 4.5616 7.22871 1.6134 1.38637 1.6134 0.894377
COV 272 5.38891 4.377 1.40068 4.377 6.74805 1.47429 1.40068 1.47429 0.891811
COV 273 5.44752 4.16981 1.41877 4.16981 6.272 1.32332 1.41877 1.32332 0.891464
COV 274 5.44581 3.97296 1.41819 3.97296 5.91882 1.19957 1.41819 1.19957 0.891821
COV 275 5.50547 3.78285 1.43695 3.78285 5.57684 1.06597 1.43695 1.06597 0.892441
COV 276 5.58672 3.61596 1.46217 3.61596 5.30443 0.94601 1.46217 0.94601 0.893161
COV 277 5.58603 3.43945 1.46225 3.43945 5.08831 0.838583 1.46225 0.838583 0.893969
COV 278 5.66637 3.30758 1.48688 3.30758 4.92293 0.745808 1.48688 0.745808 0.89476
COV 279 5.5974 3.09487 1.46639 3.09487 4.73993 0.626908 1.46639 0.626908 0.895647
COV 280 5.53868 2.91498 1.44881 2.91498 4.60717 0.52371 1.44881 0.52371 0.896591
COV 281 5.45835 2.74478 1.42422 2.74478 4.50375 0.425923 1.42422 0.425923 0.897596
COV 282 5.43511 2.58479 1.41736 2.58479 4.42113 0.32683 1.41736 0.32683 0.898623
COV 283 5.35476 2.4546 1.39213 2.4546 4.37184 0.248784 1.39213 0.248784 0.899681
COV 284 5.32712 2.28138 1.38367 2.28138 4.32507 0.13758 1.38367 0.13758 0.900779
COV 285 5.26457 2.14251 1.36368 2.14251 4.30779 0.0475839 1.36368 0.0475839 0.901903
COV 286 5.12456 2.01337 1.31715 2.01337 4.30841 -0.0396461 1.31715 -0.0396461 0.903116
COV 287 5.01866 1.90927 1.2809 1.90927 4.32281 -0.114854 1.2809 -0.114854 0.904372
COV 288 4.87583 1.80684 1.23002 1.80684 4.3523 -0.195858 1.23002 -0.195858 0.90573
COV 289 4.81029 1.75046 1.20611 1.75046 4.37694 -0.243148 1.20611 -0.243148 0.90706
COV 290 4.71904 1.63128 1.17178 1.63128 4.44397 -0.343873 1.17178 -0.343873 0.908454
COV 291 4.60287 1.54963 1.12635 1.54963 4.51482 -0.425303 1.12635 -0.425303 0.909898
COV 292 4.4098 1.52506 1.04596 1.52506 4.57274 -0.481482 1.04596 -0.481482 0.911456
COV 293 4.19574 1.50544 0.948562 1.50544 4.6553 -0.552488 0.948562 -0.552488 0.913213
COV 294 4.08418 1.48435 0.893537 1.48435 4.73216 -0.611204 0.893537 -0.611204 0.91498
COV 295 3.86294 1.50897 0.772113 1.50897 4.83484 -0.682325 0.772113 -0.682325 0.917013
COV 296 3.70266 1.52629 0.669971 1.52629 4.97269 -0.768114 0.669971 -0.768114 0.919276
COV 297 3.55666 1.57524 0.560097 1.57524 5.11117 -0.845781 0.560097 -0.845781 0.921818
COV 298 3.44534 1.63149 0.457687 1.63149 5.27875 -0.931651 0.457687 -0.931651 0.924654
COV 299 3.35734 1.70995 0.354611 1.70995 5.44889 -1.01174 0.354611 -1.01174 0.927833
COV 300 3.2838 1.83468 0.232806 1.83468 5.57213 -1.066 0.232806 -1.066 0.931526
COV 301 3.24303 1.97195 0.108751 1.97195 5.78371 -1.15409 0.108751 -1.15409 0.935913
COV 302 3.23639 2.09449 0.0128866 2.09449 5.95244 -1.21986 0.0128866 -1.21986 0.94106
COV 303 3.24911 2.219 -0.0744668 2.219 6.18723 -1.3063 -0.0744668 -1.3063 0.947222
COV 304 3.27252 2.32373 -0.140855 2.32373 6.38884 -1.3757 -0.140855 -1.3757 0.954839
COV 305 3.32108 2.48754 -0.238038 2.48754 6.68334 -1.47113 -0.238038 -1.47113 0.964839
COV 306 3.39667 2.6677 -0.346334 2.6677 6.82288 -1.51301 -0.346334 -1.51301 0.974839
COV 307 3.4741 2.83218 -0.430905 2.83218 7.07198 -1.58817 -0.430905 -1.58817 0.984839
COV 308 3.54901 2.9501 -0.499605 2.9501 7.12752 -1.60223 -0.499605 -1.60223 0.994839
COV 309 3.6641 3.14093 -0.595106 3.14093 7.34074 -1.66412 -0.595106 -1.66412 1.00484
COV 310 3.733 3.24326 -0.642916 3.24326 7.47192 -1.70031 -0.642916 -1.70031 1.01484
COV 311 3.8083 3.32534 -0.692538 3.32534 7.47672 -1.69876 -0.692538 -1.69876 1.02484
COV 312 3.89039 3.4445 -0.743967 3.4445 7.6437 -1.74547 -0.743967 -1.74547 1.03484
COV 313 3.96516 3.53975 -0.787729 3.53975 7.74947 -1.77364 -0.787729 -1.77364 1.04484
COV 314 4.05758 3.61614 -0.84061 3.61614 7.7033 -1.75701 -0.84061 -1.75701 1.05484
COV 315 4.1944 3.74475 -0.916733 3.74475 7.72025 -1.7591 -0.916733 -1.7591 1.06484
COV 316 4.28649 3.85696 -0.963231 3.85696 7.86095 -1.79822 -0.963231 -1.79822 1.07484
COV 317 4.43008 3.9906 -1.03509 3.9906 7.91777 -1.81216 -1.03509 -1.81216 1.08484
COV 318 4.55638 4.12195 -1.09433 4.12195 8.03599 -1.84427 -1.09433 -1.84427 1.09484
COV 319 4.65869 4.25184 -1.13958 4.25184 8.22214 -1.89583 -1.13958 -1.89583 1.10484
COV 320 4.79616 4.34523 -1.19978 4.34523 8.20091 -1.88671 -1.19978 -1.88671 1.11484
COV 321 4.97618 4.54841 -1.27633 4.54841 8.4323 -1.95102 -1.27633 -1.95102 1.12484
COV 322 5.16682 4.69884 -1.35359 4.69884 8.48979 -1.96466 -1.35359 -1.96466 1.13484
COV 323 5.27367 4.68583 -1.3936 4.68583 8.27178 -1.89767 -1.3936 -1.89767 1.14484
COV 324 5.53939 4.8868 -1.49495 4.8868 8.36606 -1.92292 -1.49495 -1.92292 1.15484
COV 325 5.76314 5.02912 -1.57535 5.02912 8.39669 -1.92911 -1.57535 -1.92911 1.16484
COV 326 6.06008 5.19156 -1.67808 5.19156 8.38903 -1.92377 -1.67808 -1.92377 1.17484
COV 327 6.34954 5.31844 -1.77321 5.31844 8.33665 -1.90463 -1.77321 -1.90463 1.18484
COV 328 6.4937 5.3772 -1.81748 5.3772 8.3207 -1.89654 -1.81748 -1.89654 1.19484
COV 329 6.71425 5.34626 -1.88542 5.34626 8.05798 -1.80859 -1.88542 -1.80859 1.20484
COV 330 6.85859 5.42288 -1.92787 5.42288 8.09226 -1.81666 -1.92787 -1.81666 1.21484
COV 331 6.96164 5.42702 -1.95696 5.42702 8.02964 -1.79221 -1.95696 -1.79221 1.22484
COV 332 7.08067 5.38607 -1.99079 5.38607 7.87931 -1.73656 -1.99079 -1.73656 1.23484
COV 333 7.21447 5.36173 -2.02882 5.36173 7.7579 -1.6892 -2.02882 -1.6892 1.24484
COV 334 7.56752 5.34027 -2.13147 5.34027 7.52021 -1.59532 -2.13147 -1.59532 1.25484
COV 335 7.72876 5.19429 -2.17553 5.19429 7.24477 -1.47881 -2.17553 -1.47881 1.26484
COV 336 7.86376 5.0299 -2.21157 5.0299 6.9896 -1.36069 -2.21157 -1.36069 1.27484
COV 337 8.11804 4.8124 -2.28089 4.8124 6.67264 -1.19777 -2.28089 -1.19777 1.28484
COV 338 8.27131 4.66186 -2.32089 4.66186 6.49718 -1.09379 -2.32089 -1.09379 1.29484
COV 339 8.48227 4.50956 -2.37629 4.50956 6.33299 -0.985301 -2.37629 -0.985301 1.30484
COV 340 8.80249 4.34428 -2.45999 4.34428 6.17122 -0.86411 -2.45999 -0.86411 1.31484
COV 341 9.038 4.09601 -2.51953 4.09601 6.00119 -0.714123 -2.51953 -0.714123 1.32484
COV 342 9.11145 3.81476 -2.53616 3.81476 5.8651 -0.562524 -2.53616 -0.562524 1.33484
COV 343 9.39793 3.519 -2.60791 3.519 5.75533 -0.395665 -2.60791 -0.395665 1.34484
COV 344 9.58109 3.16578 -2.65218 3.16578 5.6817 -0.209953 -2.65218 -0.209953 1.35484
COV 345 9.80536 2.7798 -2.70635 2.7798 5.65928 -0.0125261 -2.70635 -0.0125261 1.36484
COV 346 10.1452 2.58885 -2.78829 2.58885 5.67401 0.0813093 -2.78829 0.0813093 1.37484
COV 347 10.2583 2.28363 -2.81358 2.28363 5.71758 0.229723 -2.81358 0.229723 1.38484
COV 348 10.4542 1.83664 -2.85898 1.83664 5.83093 0.442593 -2.85898 0.442593 1.39484
COV 349 10.3361 1.49419 -2.82754 1.49419 5.97292 0.616442 -2.82754 0.616442 1.40484
COV 350 10.3176 1.13021 -2.82046 1.13021 6.16719 0.799289 -2.82046 0.799289 1.41484
COV 351 10.3147 0.792695 -2.81723 0.792695 6.39026 0.969706 -2.81723 0.969706 1.42484
COV 352 10.405 0.461756 -2.83746 0.461756 6.63485 1.12897 -2.83746 1.12897 1.43484
COV 353 10.4789 0.230358 -2.85358 0.230358 6.82634 1.23895 -2.85358 1.23895 1.44484
COV 354 10.3659 -0.0143192 -2.82225 -0.0143192 7.08813 1.37796 -2.82225 1.37796 1.45484
COV 355 10.222 -0.261989 -2.78232 -0.261989 7.39623 1.52724 -2.78232 1.52724 1.46484
COV 356 10.1539 -0.57987 -2.76167 -0.57987 7.80376 1.70727 -2.76167 1.70727 1.47484
COV 357 10.0269 -0.866461 -2.72485 -0.866461 8.24781 1.88546 -2.72485 1.88546 1.48484
COV 358 9.89874 -1.19656 -2.68694 -1.19656 8.81808 2.09448 -2.68694 2.09448 1.49484
COV 359 9.70067 -1.41889 -2.62842 -1.41889 9.33312 2.26755 -2.62842 2.26755 1.50484
COV 360 9.52246 -1.65598 -2.57398 -1.65598 9.92851 2.45413 -2.57398 2.45413 1.51484
COV 361 9.41259 -1.96381 -2.53846 -1.96381 10.6764 2.67216 -2.53846 2.67216 1.52484
COV 362 9.14214 -2.15408 -2.45279 -2.15408 11.4574 2.88379 -2.45279 2.88379 1.53484
COV 363 8.97516 -2.30698 -2.39677 -2.30698 12.1064 3.0491 -2.39677 3.0491 1.54484
COV 364 8.8204 -2.61108 -2.34307 -2.61108 13.2311 3.31947 -2.34307 3.31947 1.55484
COV 365 8.50386 -2.61171 -2.2321 -2.61171 13.9652 3.48495 -2.2321 3.48495 1.56484
COV 366 8.2744 -2.75823 -2.14652 -2.75823 15.1085 3.73071 -2.14652 3.73071 1.57484
COV 367 8.0548 -2.85673 -2.06057 -2.85673 16.2462 3.96159 -2.06057 3.96159 1.58484
COV 368 7.74666 -2.7612 -1.93436 -2.7612 17.1777 4.14181 -1.93436 4.14181 1.59484
COV 369 7.53763 -2.7502 -1.84186 -2.7502 18.2433 4.34029 -1.84186 4.34029 1.60484
COV 370 7.23511 -2.53731 -1.70027 -2.53731 19.1376 4.5008 -1.70027 4.5008 1.61484
COV 371 7.00906 -2.33622 -1.58421 -2.33622 19.8526 4.62555 -1.58421 4.62555 1.62484
COV 372 6.76262 -2.13408 -1.44674 -2.13408 21.1002 4.83804 -1.44674 4.83804 1.63484
COV 373 6.67432 -2.08502 -1.39009 -2.08502 21.9475 4.9775 -1.39009 4.9775 1.64484
COV 374 6.51123 -1.86019 -1.2836 -1.86019 22.7226 5.10234 -1.2836 5.10234 1.65484
COV 375 6.40605 -1.72386 -1.20707 -1.72386 23.586 5.23892 -1.20707 5.23892 1.66484
COV 376 6.26958 -1.49715 -1.10145 -1.49715 24.6167 5.39865 -1.10145 5.39865 1.67484
COV 377 6.14253 -1.21757 -0.991792 -1.21757 25.4403 5.52341 -0.991792 5.52341 1.68484
COV 378 6.01945 -0.893291 -0.871455 -0.893291 26.3514 5.65918 -0.871455 5.65918 1.69484
COV 379 5.85329 -0.269572 -0.678869 -0.269572 26.6852 5.70746 -0.678869 5.70746 1.70484
COV 380 5.75052 0.22711 -0.518284 0.22711 27.6071 5.84207 -0.518284 5.84207 1.71484
COV 381 5.6526 0.987147 -0.289057 0.987147 28.4706 5.96601 -0.289057 5.96601 1.72484
COV 382 5.62028 1.62356 -0.102733 1.62356 29.4269 6.10129 -0.102733 6.10129 1.73484
COV 383 5.63649 2.51244 0.146053 2.51244 30.6156 6.26661 0.146053 6.26661 1.74484
COV 384 5.76261 3.71198 0.473213 3.71198 31.2804 6.35712 0.473213 6.35712 1.75484
COV 385 5.96797 4.79161 0.752834 4.79161 32.43 6.51252 0.752834 6.51252 1.76484
COV 386 6.18741 5.64822 0.967672 5.64822 33.3068 6.62892 0.967672 6.62892 1.77484
COV 387 6.51249 6.6195 1.22295 6.6195 33.5104 6.65479 1.22295 6.65479 1.78484
COV 388 6.72956 7.20711 1.36572 7.20711 34.0621 6.72704 1.36572 6.72704 1.79484
COV 389 6.96976 7.85391 1.50943 7.85391 35.0457 6.85569 1.50943 6.85569 1.80484
COV 390 7.09413 8.16599 1.57632 8.16599 35.5626 6.92209 1.57632 6.92209 1.81484
COV 391 0.250209 -0.231631 -0.231631 2.43443
COV 392 0.277898 -0.0268762 -0.0268762 0.300685
COV 393 0.262783 -0.273245 -0.273245 3.04832
COV 394 0.267247 -0.0478446 -0.0478446 0.155201
COV 395 4.50924 3.23166 3.23166 5.28331
